0 1.19004e-05 2.56379e-05 7.86898e-05 0.174323 0.983061 -0.000116443 0.0565868
1 -0.998443  0.227051  0.008522 0.194857 0.97709 0.000653887 0.0855845
2   -1.39041   0.299487 -0.0086143 0.074428 0.994101 0.0239725 0.0751583
3   -1.38378   0.235204 -0.0139707 -0.0605964 0.995754 0.0405821 0.05617
4     -1.4447    0.174337 -0.00750279 -0.20495 0.976189 0.0432997 0.0563478
5    -1.48879    0.154435 -0.00559193 -0.353431 0.933743 0.0359661 0.0437776
6   -1.49288   0.102601 -0.0193421 -0.51046 0.856508 0.0662793 0.0378471
7   -1.43937   0.110367 -0.0199721 -0.63083 0.774 0.0540594 0.00746983
8   -1.42794  0.0629329 -0.0247536 0.754533 -0.652365 -0.0691087 -0.018027
9   -1.43647  0.0331286 -0.0237674 0.844861 -0.531486 -0.0578524 -0.0196218
10    -1.09766   -0.475145 -0.00909498 0.784499 -0.614463 -0.0789769 -0.027567
11    -1.05324   -0.680685 -0.00834049 0.716308 -0.695442 -0.0394521 -0.0413086
12  -1.05165  -1.37179 0.0123477 -0.619717 0.783354 0.0403228 0.0260981
13   -1.10777   -1.34228 0.00322699 -0.504528 0.861761 0.0150404 0.0509211
14  -1.10095  -1.33645 0.0123439 -0.399557 0.915355 0.0323472 0.0378623
15   -1.2173  -1.49552 0.0030219 -0.521486 0.85057 0.062139 0.0268599
16    -1.1969   -1.52762 0.00543042 -0.608535 0.791139 0.0604033 0.0116554
17   -1.23841   -1.56146 0.00389752 -0.704913 0.708063 0.0393125 0.0141113
18  -1.21751  -2.56854 0.0297125 -0.65968 0.750348 0.0401083 0.0138643
19  -1.21724  -2.59017 0.0177037 -0.570304 0.820079 0.0234028 0.0409315
20  -1.20245  -2.73929 0.0161686 -0.471108 0.878485 0.0543917 0.0579905
21  -1.52409  -3.13018 0.0182618 -0.376989 0.923447 0.0273682 0.0661455
22 -1.64122 -3.16482 0.027437 -0.253134 0.962678 0.0222612 0.0931637
23  -1.76929  -3.22885 0.0130294 -0.141813 0.983416 0.0166349 0.111828
24  -2.29355  -3.27386 0.0155008 -0.0186125 0.995824 0.0112497 0.0886618
25    -2.9146   -3.31232 0.00890912 0.0885857 0.9952 0.0402278 0.0105403
26  -3.5346 -2.97869 -0.00713 0.218445 0.973248 -0.0246377 0.0668021
27   -3.56884   -2.85496 -0.0173607 0.317871 0.943768 -0.0556038 0.0718945
28   -3.93517    -1.9843 -0.0167244 0.429952 0.898157 -0.022373 0.0891874
29     -3.98603     -1.63223 -0.000690121 0.525019 0.846189 -0.0327106 0.0851382
30   -4.37729   -0.68392 -0.0125871 0.536354 0.837839 -0.0489644 0.0891751
31   -4.59443  -0.366652 -0.0297112 0.403987 0.900193 -0.055243 0.152957
32   -4.71594  -0.300547 -0.0624766 0.293888 0.936594 -0.0562131 0.182375
33    -4.71808   -0.243693 -0.00631029 0.261042 0.961583 -0.0178133 0.0830504
34  -4.93305 -0.221568 0.0123916 0.122633 0.988693 0.0264685 0.0821388
35   -5.26414  -0.278923 0.00930623 0.0153212 0.9978 0.0214063 0.0608494
36   -6.31398  -0.375926 0.00869631 0.0294328 0.993973 0.00660134 0.105398
37   -7.28843  -0.142061 0.00657603 0.01512 0.997425 0.0221903 0.0665046
38  -7.66607    0.2286 0.0152218 -0.100083 0.992557 0.0259784 0.0643294
39   -7.63294   0.187878 0.00642127 -0.256656 0.965523 0.0376233 0.0218763
40   -7.66403   0.145523 0.00266859 -0.411671 0.9084 0.0525277 0.050763
41     -7.6824      0.1319 -0.00134815 -0.510105 0.856993 0.0476158 0.0555806
42   -7.69613   0.111653 0.00493006 -0.606702 0.79101 0.0479907 0.0625581
43  -7.67148  0.067381 0.0039431 0.740925 -0.665372 -0.073655 -0.0537114
44  -7.61701 0.0608632  0.014511 0.821817 -0.565463 -0.0674463 -0.0178886
45  -7.62297 0.0256431 0.0173998 0.88926 -0.453153 -0.0589063 -0.0199567
46    -7.62591 -0.00533958   0.0179123 0.937709 -0.342054 -0.0595753 -0.0122823
47   -7.55109  0.0294104 0.00915391 0.973272 -0.215837 -0.076073 0.0191882
48    -7.531 0.0821184 0.0101837 0.9911 -0.113978 -0.0632852 0.0269059
49   -7.18415 -0.0379653 -0.0047642 0.995866 0.00771373 -0.0859048 0.0284956
50   -6.88502 -0.0358448 0.00197783 0.990878 -0.0948583 -0.0949844 0.0118354
51  -6.15356 -0.266059 0.0132534 0.974415 -0.207961 -0.0846332 -0.0102566
52  -5.13436 -0.623218 0.0225668 0.977484 -0.199292 -0.0690999 0.00581847
53   -4.25671    -1.1057 -0.0196589 0.971128 -0.236122 -0.0337419 0.00416449
54   -4.20978   -1.08453 -0.0211937 0.932317 -0.354968 -0.0691358 -0.00177889
55   -4.16353   -1.22859 -0.0262373 0.887009 -0.458933 -0.0456178 -0.0226788
56   -3.92818   -1.46865 -0.0328328 0.929099 -0.365562 -0.0541062 0.0145881
57   -3.76812   -1.63537 -0.0129464 0.879205 -0.470594 -0.0725363 -0.0166933
58  -3.64153  -1.73286 0.0125513 0.816713 -0.575003 -0.048297 0.00426642
59     -3.6279    -1.74137 -0.00239607 0.747105 -0.662022 -0.0582376 -0.0130027
60   -3.60764   -1.96398 -0.0343751 -0.674699 0.734633 0.0606984 0.0375669
61     -3.57832     -2.67584 -0.000757112 0.760225 -0.647007 -0.0578716 -0.0095357
62   -3.4817  -3.06363 -0.014006 0.842615 -0.528901 -0.0952303 -0.0345722
63    -3.32517    -3.18603 -0.00274636 0.912027 -0.40502 -0.059115 0.0259102
64  -3.21042  -3.30965 0.0022181 0.971536 -0.232022 -0.0475008 0.0052009
65    -3.15156    -3.33016 -0.00512422 0.992056 -0.104717 -0.0647748 0.0257463
66   -2.52235   -3.38638 -0.0202525 0.997231 0.00739691 -0.0641201 0.0369445
67   -1.94499    -3.3116 0.00521437 0.989587 0.117909 -0.0648719 0.0510634
68    -1.84656    -3.22041 -0.00245493 0.970292 0.229756 -0.0338967 0.0677965
69    -1.64814    -3.06765 -0.00101845 0.938312 0.338574 -0.052751 0.0464259
70  -1.56929   -2.9432 0.0378587 0.894231 0.440936 -0.0424739 0.0642134
71  -1.22622  -2.28367 0.0220144 0.837303 0.544537 -0.0290679 0.039481
72   -1.19411   -2.17019 0.00585974 0.776351 0.626819 -0.0367286 0.0550174
73   -1.15842    -1.1688 -0.0197492 0.763881 0.639401 -0.0443443 0.0754086
74   -1.16699  -0.526355 -0.0172464 0.681202 0.725273 -0.0469999 0.0879391
75   -1.24005  -0.394351 -0.0271823 0.60237 0.794486 -0.00206644 0.077057
76   -1.47421 -0.0502904 -0.0342999 0.502308 0.860905 0.00362284 0.0807223
77    -1.79509    0.271611 -0.00348865 0.591329 0.804157 -0.015967 0.0583671
78    -1.7858   0.283512 -0.0054226 0.675658 0.733468 -0.039463 0.0628769
79    -1.74506    0.266313 -0.00784463 0.751532 0.657466 -0.028791 0.0459191
80    -1.44373     1.24332 -0.00885825 0.770537 0.635768 -0.0315241 0.0328358
