0 -9.08576e-05  0.000216273  1.29324e-05 0.205562 0.976668 0.000123004 0.0621678
1  -1.01052 0.0558737 0.0344938 0.138129 0.987921 0.0235719 0.0661567
2  -1.06642   0.20139 0.0187689 0.276263 0.958519 -0.0153478 0.0684399
3 -1.09962 0.191312 0.017994 0.418684 0.905923 -0.0184326 0.0605522
4  -1.09712  0.190221 0.0220677 0.511444 0.85776 -0.0058146 0.0513745
5  -1.11586  0.191531 0.0267038 0.601889 0.795331 -0.0264266 0.066931
6  -1.10346  0.191291 0.0261494 0.707017 0.703112 -0.0425509 0.0628553
7  -1.09444  0.160564 0.0224044 0.801626 0.59457 -0.0310159 0.0540476
8  -1.11045  0.224374 0.0282244 0.878945 0.473135 -0.0289172 0.0525675
9  -1.11147  0.245276 0.0271374 0.929217 0.36133 -0.0550947 0.0544146
10 -1.10042 0.235041 0.024008 0.972531 0.21939 -0.061692 0.0473926
11  -1.12332  0.219824 0.0208632 0.99278 0.112913 -0.0239927 0.032606
12 -0.934819  0.274752 0.0147082 0.996259 -0.00702752 -0.0802719 0.0312382
13 -0.464646  0.133135 0.0212374 0.990751 -0.121405 -0.0603145 -0.00599104
14   0.239918 -0.0611378   0.023613 0.970282 -0.232988 -0.0630198 0.0172422
15   0.73551 -0.440016 0.0225426 0.990736 -0.1107 -0.0780457 0.00985182
16  0.752606 -0.489215 0.0163846 0.996187 0.0472582 -0.0732866 -0.00284968
17   0.75974 -0.481488 0.0187382 0.973249 0.225027 -0.04292 0.0175247
18   0.773384  -0.464466 0.00515943 0.920861 0.386215 -0.0291707 0.0447448
19    0.830377    -0.47372 -0.00461609 0.870902 0.486899 -0.0526895 0.0410306
20    0.896756   -0.475379 -0.00946056 0.811466 0.579833 -0.0667874 0.0292448
21   0.927274  -0.472941 -0.0167392 0.724693 0.685662 -0.0552539 0.0404348
22    0.855652   -0.343599 0.000696746 0.808395 0.584396 -0.0607261 0.0359239
23   0.888703   -0.31538 0.00845085 0.87875 0.470874 -0.0665546 0.0405739
24    0.865059   -0.267153 -0.00448226 0.924674 0.374303 -0.0380723 0.0585359
25     1.50475    0.382781 -0.00565588 0.86601 0.496173 -0.0164766 0.0597192
26   1.58721  0.491916 0.0209551 0.810672 0.580307 -0.040549 0.066409
27   1.90503   1.29997 -0.010307 0.694358 0.715836 -0.0403688 0.0617761
28    1.86133    1.38125 -0.0104336 0.597094 0.798597 -0.0338521 0.0676475
29    1.87186    1.39645 -0.0149961 0.428179 0.899983 -0.0545799 0.0609438
30    1.86667     1.4177 -0.0210864 0.314071 0.945175 -0.0367328 0.0815796
31   1.76778   1.48529 -0.031719 0.411184 0.908612 -0.0371796 0.0630054
32    1.40492    1.76689 -0.0194142 0.311658 0.947931 -0.00417544 0.0654135
33    1.12362    1.91847 -0.0235525 0.201369 0.975938 -0.00276375 0.0835954
34   0.43794   2.11715 -0.019191 0.087849 0.992321 0.0107283 0.0864078
35   -0.57868    2.24413 -0.0448924 0.133144 0.990642 -0.00850512 0.0288001
36   -1.60015    2.37623 -0.0435347 0.0379642 0.997376 0.0241749 0.0567046
37  -1.98742   2.47925 -0.029491 0.144186 0.989137 -0.0133461 0.0253217
38   -2.99259    2.66277 -0.0131487 0.107749 0.991463 0.00357519 0.0733323
39  -4.04577   2.80685 -0.039511 0.0409276 0.99784 0.0282015 0.0429554
40   -4.45288    2.92199 -0.0250515 0.143689 0.989472 -0.00508505 0.0165005
41    -5.5115    3.12653 -0.0309923 0.111084 0.991431 0.00917967 0.0681198
42   -6.55779    3.30511 -0.0612663 0.0526572 0.996595 0.0302397 0.0557782
43  -7.62927   3.45106 -0.012195 0.0958425 0.993489 0.0145065 0.0598657
44   -8.53176    3.66598 -0.0126146 0.217952 0.97494 0.00867274 0.0437391
45   -8.50588    3.69213 -0.0146945 0.338168 0.939804 -0.0203759 0.0446716
46   -8.46512     3.6983 -0.0036737 0.473581 0.879389 -0.0158601 0.0463142
47    -8.49917     3.67952 -0.00155076 0.589609 0.806839 -0.0123599 0.0349232
48   -8.47003    3.68812 -0.0143269 0.684601 0.727178 -0.0352793 0.0358956
49    -8.44559     3.67891 -0.00885382 0.76477 0.642525 -0.0254004 0.0405391
50   -8.45358    3.70461 -0.0281189 0.830156 0.555278 -0.0225652 0.0447042
51   -8.06524    4.63964 -0.0468225 0.765752 0.641906 -0.0200165 0.0343525
52   -7.94313    5.48244 0.00275483 0.677268 0.734818 -0.0233799 0.0283404
53   -7.96657    5.66834 -0.0115938 0.757107 0.647206 -0.0563362 0.0688499
54   -7.69927    6.66324 -0.0233256 0.749649 0.657958 -0.0447696 0.0557918
55    -7.6413    7.08392 -0.0377924 0.817381 0.57571 -0.016188 0.0135742
56    -7.7208    7.46125 -0.0264511 0.739431 0.670102 -0.00896464 0.0642262
57   -7.86335    8.49297 -0.0179299 0.76332 0.644727 -0.0322678 0.0250811
58   -7.88244    8.81801 -0.0197761 0.690067 0.72194 -0.00494218 0.0508452
59    -8.03215     9.19752 0.000890687 0.588507 0.8052 0.00642815 0.0726023
60     -8.1725     9.43661 -0.00784443 0.468766 0.879115 0.00446118 0.0859914
61  -8.70372   10.3032 0.0143383 0.541932 0.838386 -0.0160738 0.0562057
62   -8.98471    10.7532 -0.0113979 0.446598 0.893403 0.00695744 0.0482986
63  -9.37215   11.2825 0.0109277 0.548599 0.8336 -0.0111218 0.0634519
64    -9.38281     11.4148 -0.00225859 0.649074 0.757685 -0.0332004 0.0592744
65   -9.40505    12.2482 0.00526394 0.729188 0.683307 -0.0276477 0.0247555
66 -9.40631  12.9276 0.013766 0.798788 0.598024 -0.0448294 0.0479029
67  -9.31335   13.0048 0.0071271 0.861446 0.505999 -0.040253 0.0159596
68   -9.0621   13.4517 0.0133703 0.914589 0.399529 -0.0593012 0.0196546
69  -8.91642   13.4888 0.0137077 0.952797 0.300835 -0.0409427 -0.000520196
70   -8.56548    13.6038 0.00597638 0.9795 0.196271 -0.0446351 0.00807557
71    -8.12982      13.738 -5.1569e-05 0.994454 0.0812096 -0.0668098 -0.00137247
72    -8.06625     13.7861 -0.00383966 0.993681 -0.085174 -0.0692415 0.0234159
73   -8.05334    13.7888 0.00712234 0.970224 -0.235391 -0.0568853 -0.00462209
74   -7.72048    13.6289 0.00617607 0.988373 -0.133117 -0.0734687 -0.000391197
75   -7.61339    13.6807 0.00326257 0.999327 -0.0113311 -0.00818269 0.0339211
76   -6.56521    13.6303 -0.0126762 0.996787 -0.0732501 -0.023804 -0.0219754
77    -5.52795     13.3803 -0.00867303 0.991389 -0.103096 -0.0807224 0.00152631
78   -4.52089    13.1688 -0.0163799 0.996099 -0.0802842 -0.0328427 0.0162105
79   -3.62305    12.9397 -0.0206602 0.97915 -0.193751 -0.0608168 0.00514127
80    -3.1441    12.9503 -0.0263614 0.995017 -0.0751257 -0.0529563 0.0386379
81    -2.09558     12.8649 -0.00704365 0.990697 -0.10623 -0.0850371 -0.00183853
82   -1.04389    12.8358 -0.0325546 0.993292 -0.114852 -0.0124311 0.00506918
83  -0.714962    12.8827 -0.0308151 0.998174 -0.00419538 -0.0539701 0.0268152
84  -0.421734    12.8306 -0.0354184 0.992879 -0.106047 -0.0541357 -0.00383358
85   0.571395    12.6649 -0.0196659 0.989415 -0.126408 -0.0708864 0.00731717
86      1.3252     12.8542 -0.00469411 0.995961 0.0376505 -0.0759442 0.0296178
87     1.34661     12.9296 0.000791729 0.98533 0.160266 -0.0289679 0.0509937
88    1.41714    12.9399 -0.0148421 0.932471 0.355162 -0.0604128 0.0266026
89     1.43886     12.9432 -0.00960977 0.887088 0.457299 -0.0555196 0.0295082
90     1.44539     12.9724 -0.00839125 0.828556 0.556322 -0.042563 0.0467797
91    1.52702    13.2435 -0.0472189 0.884315 0.465148 -0.031031 0.0257227
92    1.97451    14.0365 -0.0199338 0.931493 0.362345 0.0204911 0.0246375
93     2.05979     14.0797 -0.00769032 0.971148 0.235293 -0.0363616 0.0136506
94    2.06725    14.0238 -0.0169814 0.992383 0.116015 -0.0410551 0.00564331
95    2.07669    14.0191 -0.0236304 0.998001 0.0158928 -0.0595426 0.0140123
96    2.10217    14.0786 -0.0171043 0.984696 0.164828 -0.0531143 0.0196098
97    2.05623    14.1196 -0.0129588 0.946013 0.32261 -0.0134512 0.0283179
98    2.08453     14.162 -0.0187162 0.869052 0.491034 -0.0460135 0.0389485
99    2.10144    14.1778 -0.0114849 0.801054 0.595847 -0.0466615 0.033192
100    2.10307    14.2137 -0.0103841 0.725176 0.683227 -0.063403 0.0574466
101    2.06349    14.2252 -0.0171122 0.596965 0.799494 -0.0347223 0.0568882
102   2.00568   14.2205 -0.014025 0.452121 0.89022 -0.00886102 0.0549225
103    1.99946    14.2575 -0.0275611 0.324624 0.944885 -0.0195597 0.0378043
104     1.19085     14.8622 -0.00956583 0.29559 0.953482 0.00193548 0.0591116
105    0.767241     15.0648 -0.00429811 0.421794 0.905576 0.00194141 0.044926
106   0.821604    15.0917 -0.0105531 0.536243 0.842751 -0.0323523 0.0341662
107   0.840406     15.087 -0.0130583 0.639854 0.767145 -0.020944 0.0404658
108   0.826726    15.0862 -0.0274671 0.771753 0.633587 -0.0226683 0.0495034
109   0.817958    15.0815 -0.0295903 0.838279 0.543478 -0.0202353 0.0388729
110   0.823208     15.083 -0.0100772 0.89644 0.439564 -0.0440608 0.0351763
111   0.836957    15.0827 0.00298078 0.957873 0.279591 -0.0610689 0.0240611
112  0.838285   15.0609 0.0152088 0.988757 0.135116 -0.0575398 0.0281581
113    0.85073    15.0794 0.00432233 0.99622 -0.0375068 -0.0692256 0.0367084
114     0.8522    15.0733 0.00946979 0.986687 -0.14681 -0.0685698 0.0139054
115   0.849102    15.0648 0.00336973 0.966693 -0.246783 -0.0678146 0.00185718
116    1.63007    14.3826 -0.0109536 0.952307 -0.301991 -0.0430775 -0.00752811
117    2.41555    13.7527 -0.0518108 0.960723 -0.265555 -0.080371 -0.00568632
118    3.30968    13.1911 -0.0191682 0.966845 -0.250692 -0.0486068 0.00160379
119    4.14621    12.6395 -0.0223614 0.947784 -0.311282 -0.0691184 -0.00565301
120    4.69581    12.2992 -0.0418024 0.975337 -0.20895 -0.0597025 0.0386361
121    5.40307    12.0584 -0.0262835 0.992246 -0.087629 -0.0824719 0.0310891
122    6.43919    11.9002 -0.0335483 0.996882 -0.0628676 -0.0376413 0.0292813
123    7.44697    11.7962 -0.0240941 0.995435 -0.0649222 -0.0693002 0.00960658
124    8.49547    11.6754 -0.0423832 0.995309 -0.0939476 -0.0230225 0.00208689
125    9.55707    11.5512 -0.0270206 0.995081 -0.073733 -0.0652204 0.0110957
126    10.5682    11.4914 -0.0268109 0.992478 -0.108039 -0.0567678 0.00959521
127    11.6112    11.3482 -0.0576528 0.997831 -0.0393267 -0.035226 0.0393124
128    12.6035    11.2012 -0.0208779 0.992895 -0.096722 -0.0688404 0.00813096
129    12.9997    11.1955 -0.0264955 0.996019 0.0650603 -0.0436929 0.0424767
130    12.9978    11.2499 -0.0170394 0.972353 0.225894 -0.0362729 0.0467582
131    13.0314    11.2804 -0.0263164 0.90133 0.428536 -0.0466875 0.0421983
132    13.0451    11.2997 -0.0207607 0.836632 0.543145 -0.0530315 0.0472026
133    13.0434     11.325 -0.0239432 0.774431 0.627024 -0.0556893 0.0632149
134     12.987    11.3322 -0.0312147 0.649644 0.757312 -0.0219327 0.0629329
135    12.9547    11.3618 -0.0286045 0.497572 0.86485 -0.0213461 0.0632526
136    12.9449    11.4133 -0.0326894 0.302601 0.950468 -0.0320684 0.0633589
137    12.9072    11.4255 -0.0347852 0.192177 0.977542 -0.0165106 0.084898
138  11.9268  11.6243 -0.03917 0.128626 0.988325 0.0140788 0.0804409
139    11.0817    11.7987 -0.0312117 0.0274003 0.998064 0.030698 0.0466447
140    10.4574    11.7746 -0.0366088 -0.0919679 0.991357 0.0391099 0.0849879
141    9.42859    11.5931 -0.0245438 -0.0558891 0.996176 0.0159885 0.0652249
142    8.53909      11.58 -0.0292939 0.0544524 0.995926 -0.00446944 0.0717441
143    7.46342    11.6302 -0.0164611 0.0233623 0.998229 0.0141981 0.0528296
144    7.13146    11.6184 -0.0398558 -0.08374 0.994919 0.0335408 0.0447078
145    6.80388    11.6806 -0.0164309 0.0234237 0.99805 -0.00974236 0.0570393
146    6.05263    11.9298 -0.0113349 -0.0830668 0.996183 0.017697 0.0201613
147     5.96361     11.9313 -0.00510377 -0.192517 0.979779 0.0252362 0.0483042
148     5.9378    11.9449 -0.0139538 -0.379124 0.922226 0.0164959 0.0741036
149    5.93536    11.9345 -0.0146839 -0.47307 0.877144 0.0326353 0.075881
150    5.97803    11.9315 -0.0229048 -0.585863 0.808356 0.035612 0.0453521
151     6.03697     11.8845 -0.00832771 -0.489469 0.86919 0.0547692 0.043936
152    6.03905    11.9285 -0.0192301 -0.369702 0.92832 0.0337745 0.02003
153   6.03438   11.9153 -0.014673 -0.231001 0.971993 0.0168456 0.0398017
154    6.03121    11.8861 -0.0189615 -0.12549 0.99043 0.0387676 0.0424062
155     6.00962     11.8811 -0.00921575 0.0114088 0.99753 0.0196113 0.0664775
156    6.01427     11.911 -0.0131971 0.122829 0.991139 0.0183754 0.0470964
157    5.1044   12.0382 -0.035534 -0.0121424 0.996714 0.0180092 0.0780323
158    4.11873    12.4049 -0.0402798 0.0567361 0.997102 0.0203279 0.0464175
159    3.90943    12.5287 -0.0350863 0.169349 0.984513 -0.0199419 0.0407196
160    3.37606    12.6292 -0.0486883 0.0556389 0.995577 0.0425166 0.0626413
161    2.91635    12.7984 -0.0389168 0.166499 0.985827 -0.00078792 0.0205398
162    2.48825    12.8641 -0.0527959 0.0479191 0.996064 0.0414813 0.0619594
163    2.18203    12.9345 -0.0196779 0.160766 0.985016 0.00599579 0.0621398
164    1.15723    13.0937 -0.0387515 0.206107 0.97852 -0.00302516 -0.00319239
165   0.790481    12.9663 -0.0265899 0.0852334 0.994969 0.0388742 0.0354972
166  -0.225815    12.9135 -0.0462178 0.153361 0.985644 0.00723385 0.0702467
167   -1.22508    12.9928 -0.0310622 0.171221 0.98519 0.00227426 0.00890223
168   -1.68972    12.9745 -0.0331935 0.0486066 0.996789 0.0426055 0.0472712
169   -2.68974    12.9359 -0.0231197 0.0226548 0.999259 0.0122563 0.028613
170    -3.69744     12.8618 -0.00114721 0.0166102 0.997456 0.0110161 0.0684478
171   -4.69513    13.0514 -0.0138668 0.0218817 0.99929 -0.00379851 0.0304201
172   -5.73171    13.3225 -0.0134675 0.0394382 0.996802 0.0104039 0.0687157
173    -6.74834     13.3874 -0.00352636 -0.0165308 0.99763 0.020568 0.063544
174   -6.99434    13.2876 -0.0250934 -0.118756 0.990475 0.0635531 0.0285869
175    -7.58705     13.0588 -0.00811642 -0.259436 0.962194 0.0623256 0.0546872
176  -7.68246   12.9367 -0.022101 -0.379463 0.922628 0.0679084 0.0123684
177   -7.86451    12.6276 -0.0082003 -0.480203 0.872955 0.0788366 0.0337421
178   -7.96684    12.3999 -0.0190049 -0.596604 0.799259 0.0722417 0.0054699
179    -7.9756    12.2112 -0.0305686 -0.68449 0.722597 0.0964634 0.00460445
180  -7.92201   11.2119 0.0006651 0.736169 -0.672403 -0.06274 -0.0446411
181   -7.80101    10.2102 -0.0325154 0.718974 -0.693249 -0.0466989 -0.017335
182   -7.70475    9.14861 -0.0168306 -0.686252 0.726616 0.0328488 0.00276995
183    -7.77131     8.12315 -0.00951673 -0.625656 0.775077 0.0674407 0.0571139
184   -7.88953    7.66388 -0.0254755 -0.541983 0.837215 0.0380629 0.0622604
185  -8.25709   6.71567 -0.027637 -0.540975 0.84067 0.0236886 0.00765324
186   -8.36041     6.2779 -0.0377263 -0.630158 0.773754 0.0623703 0.0177562
187   -8.60932    5.23691 -0.0232616 -0.678738 0.731983 0.0589091 0.00681797
188   -8.56126    4.84583 -0.0254874 0.782849 -0.61886 -0.0642409 0.00562594
189   -8.45566    4.69076 -0.0349079 0.858846 -0.503179 -0.0950354 0.0127408
190   -8.03935    4.23853 -0.0345695 0.908848 -0.411292 -0.0690177 0.00843837
191   -7.29289    3.52035 -0.0372648 0.93738 -0.339451 -0.0780442 0.000852667
192   -7.20378    3.52517 -0.0405668 0.970233 -0.228929 -0.0775787 0.0148468
193   -6.86085    3.44509 -0.0202078 0.989687 -0.127182 -0.0606587 0.0257914
194   -5.85652    3.28201 -0.0244531 0.991203 -0.117768 -0.0601564 -0.00533291
195   -5.57204    3.17683 -0.0263211 0.975037 -0.218682 -0.0378404 0.00694415
196   -4.56406    2.85669 -0.0164761 0.979111 -0.192565 -0.0644068 0.0105633
197   -3.52314    2.59172 -0.0502454 0.992459 -0.102223 -0.0541781 0.0405034
198   -2.54431    2.36526 -0.0317383 0.997442 -0.0605055 -0.025869 0.0279289
199   -1.48521    2.26932 -0.0246476 0.994692 -0.0667717 -0.0780509 0.00615125
200  -0.449125    2.20158 -0.0265021 0.996269 -0.0775511 -0.0330017 0.0185668
201  0.0820843     2.1637 -0.0472862 0.997332 0.0263258 -0.0537199 0.0418416
202    1.09078     2.1182 -0.0238118 0.998371 -0.0315668 -0.0474024 -0.00344003
203    1.30916    2.07554 -0.0266269 0.989661 -0.13318 -0.0532145 -0.00123149
204    2.31931    1.89269 -0.0233786 0.992019 -0.125195 -0.00685031 0.0132958
205     3.3449    1.70409 -0.0359419 0.996551 -0.0540121 -0.0535538 0.0331867
206    3.79522    1.57528 -0.0207342 0.984892 -0.162324 -0.0603155 -0.000719753
207    3.83757    1.60721 -0.0188943 0.954241 -0.294697 -0.0494541 0.0114505
208    3.84591    1.61441 -0.0106712 0.898756 -0.435645 -0.0483422 -0.0106901
209    3.97806    1.39163 -0.0255382 0.845815 -0.530619 -0.0486201 -0.0260029
210    4.29908   0.708437 -0.0335667 0.788937 -0.61341 -0.026173 -0.0249511
211    4.40759  0.0691312 -0.0191034 0.71795 -0.69292 -0.0486293 -0.0452251
212    4.30504  -0.436821 -0.0260671 -0.626972 0.77823 0.0235253 0.0266537
213    4.17154  -0.877915 -0.0612958 -0.6337 0.753294 0.125121 0.123767
214  4.19491 -1.02882 0.013107 -0.693202 0.720304 0.0049043 0.0246871
215    4.22653   -2.05452 0.00540137 -0.605692 0.793969 0.0211671 0.0479929
216    4.20988   -2.38005 0.00393884 0.71046 -0.702069 -0.0469453 0.0119045
217   4.23608  -2.61589 0.0160926 0.779758 -0.622059 -0.0707125 -0.00445347
218   4.23478  -2.67054 0.0192527 0.839197 -0.540397 -0.0608008 -0.0047085
219   4.22615  -2.71775 0.0214202 0.893721 -0.446195 -0.0463541 -0.00490949
220   4.27162  -2.78932 0.0239751 0.954847 -0.286107 -0.0800639 -0.000839963
