0 -2.17238e-05  1.57477e-05 -3.45741e-05 0.130623 0.989971 4.08907e-05 0.0538034
1  -0.741473   0.724631 -0.0310578 0.0757729 0.99343 0.00894781 0.0852936
2  -1.75047  0.864074 -0.022243 0.112563 0.989602 0.00938849 0.0890503
3   -2.74546    1.01985 -0.0400224 0.0574893 0.996853 0.0247867 0.0486315
4   -3.49667    1.18361 -0.0146019 -0.0428038 0.997362 0.0230912 0.0538852
5   -3.46664    1.12242 -0.0215426 -0.177645 0.98337 0.0291603 0.0239887
6   -3.49242    1.07496 -0.0267386 -0.346308 0.936139 0.0387238 0.0470692
7   -3.51069    1.06766 -0.0310423 -0.447558 0.892456 0.0261467 0.0503123
8   -3.51626     1.0433 -0.0208023 -0.553775 0.830035 0.0426166 0.0505884
9   -3.50014    1.01221 -0.0294095 -0.696041 0.714184 0.061096 0.0416601
10    -3.47179      1.0091 -0.00758388 0.802138 -0.594914 -0.0496753 -0.0136028
11   -3.47839   0.973059 -0.0121665 0.895711 -0.441559 -0.0449649 -0.0265784
12   -3.4698  0.953565 -0.010031 0.940588 -0.333805 -0.0588644 -0.0200758
13   -3.41323   0.969372 -0.0153503 0.976309 -0.20708 -0.0616261 0.0118638
14   -3.27459   0.865419 -0.0291056 0.9432 -0.324495 -0.0694131 -0.0160822
15   -3.00848   0.691171 -0.0264942 0.976682 -0.203741 -0.0394621 0.0549991
16   -2.95572   0.605318 -0.0289502 0.993406 -0.0982394 -0.0576425 0.0130378
17   -2.88726   0.560823 -0.0160931 0.994822 0.0608197 -0.0791088 0.0193052
18   -2.84988   0.581997 -0.0235359 0.982718 0.173376 -0.060937 0.0221799
19   -2.08504   0.761003 -0.0202315 0.995664 0.061675 -0.0694232 -0.00547414
20   -1.92917   0.740775 -0.0275097 0.990622 -0.0989924 -0.093377 -0.0122005
21   -1.32399   0.524961 -0.0276617 0.977941 -0.203207 -0.0477146 0.00782529
22  -0.840285   0.271236 -0.0192223 0.995334 -0.0781135 -0.0324974 0.0463847
23 -0.287787   0.28267 -0.024413 0.998804 0.027471 -0.0293495 0.0278183
24   0.716424    0.35461 -0.0297163 0.997894 0.00489116 -0.0631963 0.0137899
25   0.921834   0.317732 -0.0293168 0.993625 -0.10097 -0.0483537 0.0132761
26      1.791   0.202596 -0.0275755 0.99777 0.0111222 -0.0584942 0.0301641
27     2.04941    0.153437 -0.00319071 0.991595 -0.110413 -0.0667275 -0.00975553
28   2.16162 0.0606875 0.0116133 0.975156 -0.215849 -0.0453176 -0.0206548
29     2.21069   0.0335077 -0.00212749 0.933159 -0.353298 -0.0633006 -0.0196763
30    2.21917  0.0469215 0.00238633 0.859926 -0.508527 -0.0427646 -0.00995335
31     2.34154    -0.24443 -0.00715517 0.78769 -0.614582 -0.0310388 -0.0295014
32   2.36668 -0.785674 0.0121719 0.72008 -0.691612 -0.034885 -0.0440539
33   2.31994     -1.83 0.0114999 -0.68794 0.722519 0.0523676 0.0443059
34   2.28966  -1.94112 0.0057127 -0.556427 0.829273 0.00553605 0.0516215
35   2.28693  -1.98285 0.0152602 -0.470946 0.880974 0.0323971 0.0323341
36   2.17407   -2.1855 0.0182698 -0.314127 0.945341 0.0446899 0.0752096
37   2.01178  -2.22115 0.0126208 -0.207388 0.977496 0.000200199 0.0386157
38   1.40456   -2.4171 0.0114735 -0.101672 0.993489 0.00865009 0.0506625
39  0.363044  -2.59401 0.0289363 -0.092521 0.989645 0.024392 0.106994
40  0.200417  -2.68059 0.0235929 -0.196447 0.979552 0.0221368 0.0373592
41 -0.0607785   -2.71135  0.0365248 -0.0439717 0.996176 0.00483053 0.0753374
42   -1.0558  -2.86765 0.0662904 -0.0677329 0.995002 0.0127668 0.0722509
43 -1.22459 -2.90713  0.06805 -0.177077 0.981887 0.0307663 0.0599538
44  -1.23607  -2.95213 0.0690384 -0.340918 0.93843 0.0475066 0.0294454
45  -1.29034  -2.98547 0.0649982 -0.505655 0.860248 0.0449125 0.0476401
46  -1.32563  -2.99283 0.0615287 -0.606831 0.793149 0.0250439 0.0452115
47  -1.33561  -3.01707 0.0597253 -0.687242 0.723196 0.0491959 0.0475925
48   -1.3097  -3.03044 0.0512259 0.806107 -0.588574 -0.0586266 -0.0182821
49  -1.26794  -3.01772 0.0579856 0.888275 -0.456846 -0.0467788 0.00839544
50  -1.24125  -3.07146 0.0503738 0.962327 -0.264847 -0.0595978 -0.0151959
51  -1.20949  -3.08337 0.0558857 0.984147 -0.156241 -0.0833494 -0.00982453
52  -1.17483   -3.0571 0.0520873 0.99657 -0.00237224 -0.0811723 0.0159304
53 -0.717002  -2.89272  0.057535 0.990412 -0.115043 -0.0735363 0.0210131
54  -0.70505  -2.93581 0.0522835 0.971651 -0.22321 -0.0776928 0.00593847
55 -0.696155  -3.02933 0.0367544 0.943522 -0.323266 -0.0662469 -0.0296092
56 -0.465868  -3.35775 0.0103148 0.906289 -0.418601 -0.0581453 0.00578135
57 -0.436429  -3.49886 0.0155209 0.856991 -0.510704 -0.0544022 -0.0422934
58 -0.433647  -3.64067 0.0317977 0.782637 -0.619415 -0.0320589 -0.052699
59  -0.29588  -4.19748 0.0525937 -0.688088 0.718833 0.070786 0.0692999
60 -0.424527  -4.73821 0.0668521 -0.580228 0.811658 0.0281304 0.0612854
61 -0.601893  -5.13752 0.0529499 -0.482264 0.87201 0.0734117 0.0403874
62 -0.852522  -5.72689 0.0884698 -0.360908 0.931105 0.0114535 0.0515473
63  -1.04198  -5.61118 0.0791344 -0.262648 0.963841 -0.00163383 0.0449886
64  -1.52672  -5.52234 0.0399155 -0.131527 0.98971 -0.0161093 0.053995
65   -2.4119  -5.52284 0.0845583 0.0141663 0.996292 0.00606846 0.0846484
66  -2.51827  -5.55294 0.0862088 0.132144 0.987949 0.0153834 0.0791048
67   -2.5422   -5.5455 0.0952437 0.241207 0.967785 -0.000254467 0.0721836
68  -2.55704  -5.53133 0.0928423 0.344915 0.93548 -0.0131158 0.075761
69  -2.54491  -5.50312 0.0910493 0.495738 0.86591 -0.035306 0.0565432
70  -2.60125  -5.49651 0.0755868 0.637976 0.765248 -0.0247304 0.0822818
71   -2.6172  -5.49689 0.0927295 0.744841 0.663961 -0.0347057 0.056242
72  -2.61605  -5.21725 0.0591736 0.819681 0.569887 -0.0434359 0.0382922
73  -2.33031  -4.62051 0.0565468 0.879154 0.466203 -0.0927418 0.0337866
74  -1.98625  -4.13015 0.0684454 0.929101 0.35625 -0.0866846 0.0484044
75  -1.38456  -3.63228 0.0507129 0.960421 0.256978 -0.104167 0.0265059
76 -0.509362  -3.10397 0.0308392 0.96033 0.264364 -0.0525996 0.0714932
77 0.216538  -2.3128 0.018489 0.968074 0.243778 -0.0434861 0.0388978
78   0.725782   -1.92815 0.00291166 0.989641 0.13606 -0.0323508 0.0324438
79   0.747006   -1.96961 -0.0101367 0.998041 0.018428 -0.0597796 0.000185623
80   0.744847   -1.99125 -0.0177359 0.994607 -0.0835223 -0.0594273 0.0158019
81   0.783879   -1.98324 -0.0158826 0.982397 -0.182942 -0.0372782 0.00627727
82    0.774763    -2.12346 -0.00845721 0.945594 -0.321199 -0.0517193 0.00279227
83    0.786703    -2.13347 -0.00708589 0.894866 -0.442277 -0.0599919 -0.00272032
84     1.3009   -2.61029 -0.0328899 0.9395 -0.334175 -0.0729074 0.0187669
85     1.49463    -2.74822 -0.00365624 0.980584 -0.18387 -0.0678534 -0.00652301
86    1.55943    -2.7793 0.00405043 0.996463 -0.0318458 -0.0775636 0.00565528
87    1.84461   -2.71761 -0.0235834 0.990295 0.100729 -0.0852497 0.0436066
88    2.20784   -2.51231 -0.0143094 0.964383 0.259337 -0.0400862 0.0332104
89    2.30621   -2.40959 -0.0120475 0.923804 0.370147 -0.0720359 0.0662476
90    2.31861   -2.33468 0.00158776 0.874903 0.478422 -0.0288136 0.0694785
91     2.39866    -2.30537 -0.00796844 0.81442 0.576966 -0.047927 0.0391429
92     2.37757    -1.86042 -0.00899547 0.873174 0.476359 -0.0573133 0.0858139
93    2.38436   -1.85743 -0.0109444 0.923468 0.377733 -0.0371026 0.056102
94    2.41394   -1.84183 -0.0194456 0.978583 0.191558 -0.056746 0.0496115
95      2.457   -1.84169 -0.0197778 0.995848 0.0346412 -0.0775767 0.0326857
96    2.44346    -1.8588 -0.0128798 0.993657 -0.0952045 -0.0558842 0.021425
97    2.45496   -1.83667 -0.0220578 0.956093 -0.285458 -0.0627697 0.0214368
98     2.45673    -1.83844 -0.00836961 0.917204 -0.393024 -0.0653109 0.00191255
99      2.4477    -1.84498 -0.00942451 0.849627 -0.522279 -0.0706686 -0.0191198
100     2.4412   -1.85805 -0.0118363 0.792468 -0.6079 -0.0438688 -0.0229718
101   2.56874  -2.52985 -0.012131 0.723847 -0.68697 -0.0572248 -0.0290396
102    2.56573   -3.10904 -0.0133889 -0.649099 0.757416 0.0431752 0.0559266
103    2.43565   -4.18676 0.00332346 -0.657675 0.750591 0.0550207 0.0324049
104     2.33701    -5.19248 -0.00908943 -0.677908 0.731663 0.0606857 0.0377689
105   2.31003  -5.96212 0.0219019 0.778976 -0.624721 -0.0456541 0.0288961
106   2.28994  -6.06883 0.0287918 0.881224 -0.466932 -0.0707966 -0.0201848
107   2.33301  -6.07005 0.0364737 0.950261 -0.305481 -0.0582502 0.0171178
108   2.37042   -6.1039 0.0342815 0.989348 -0.127625 -0.0697178 0.00643459
109   2.38992  -6.13346 0.0319143 0.99749 -0.0141446 -0.0692807 -0.00359686
110   2.42041  -6.13152 0.0332254 0.991977 0.0909601 -0.0865398 0.0147654
111   2.42621  -6.10116 0.0244259 0.964779 0.251657 -0.0699052 0.0313524
112  2.40089  -6.0632 0.029612 0.917374 0.393414 -0.041816 0.043607
113   2.43752  -6.04286 0.0183088 0.837822 0.543317 -0.0440872 0.0302849
114    2.52975   -5.44451 0.00255385 0.752843 0.653539 -0.0339332 0.0704471
115   2.53348  -4.63409 -0.019238 0.678336 0.729098 -0.037419 0.082926
116    2.55873   -4.18103 -0.0139282 0.758771 0.649708 -0.0370985 0.0277375
117    2.69459   -3.18635 -0.0163294 0.768016 0.638351 -0.0290927 0.0425772
118    2.80789    -2.1439 -0.0260904 0.750176 0.656054 -0.0502127 0.0656314
119   2.83285  -1.31991 -0.044085 0.677703 0.728695 -0.0485015 0.0858527
120    2.62812  -0.276365 -0.0457191 0.636516 0.770363 -0.0193366 0.0318517
121    2.48224    0.76254 -0.0352532 0.678005 0.730842 -0.0478164 0.0623927
122    2.41581    1.78083 -0.0701758 0.742936 0.668203 -0.0287727 0.0268918
123    2.46854    2.86174 -0.0513396 0.730632 0.679697 -0.0365769 0.0533969
124    2.47043    3.89607 -0.0744744 0.703737 0.706075 -0.0409053 0.0673782
125    2.42143    4.96614 -0.0993343 0.671493 0.739564 -0.00786228 0.0456015
126   2.45996   5.40851 -0.117463 0.743455 0.668395 -0.0172905 0.0149947
127   2.42282   5.83232 -0.118182 0.663804 0.744962 -0.00696879 0.0659356
128    2.41351      6.134 -0.0841654 0.74003 0.669172 -0.0351051 0.057732
129    2.46141    7.18677 -0.0964903 0.74224 0.669771 -0.0142779 0.0167987
130   2.42592   7.57633 -0.112741 0.666316 0.742476 -0.00867917 0.068388
131    2.42684     7.8696 -0.0891339 0.740497 0.668679 -0.0364442 0.0566087
132   2.45327   8.91159 -0.120672 0.738923 0.673305 -0.0149177 0.0207441
133   2.42409     9.416 -0.131079 0.665235 0.744295 -0.0082299 0.058483
134   2.40392   10.4627 -0.122105 0.684771 0.726869 -0.0191927 0.0488142
135   2.43476   11.0326 -0.111359 0.756153 0.651998 -0.02766 0.0486373
136  2.38931  10.9952 -0.11673 0.83327 0.549946 -0.0129006 0.0552643
137   2.40229   10.9959 -0.110084 0.901062 0.429945 -0.0390504 0.041346
138   2.41633   10.9941 -0.122047 0.941843 0.328087 -0.0406016 0.0603444
139   2.42721   11.0036 -0.113317 0.977475 0.197111 -0.0624785 0.042257
140   2.42016   10.9768 -0.112272 0.994436 0.0915168 -0.0422124 0.0306418
141   2.42013   10.9744 -0.124092 0.997839 -0.011665 -0.0531258 0.0368554
142    2.5683   10.8872 -0.128554 0.989362 -0.130485 -0.061631 -0.0183925
143   3.59901   10.6431 -0.124748 0.983711 -0.173022 -0.0462487 0.0154176
144   4.17209   10.5603 -0.163128 0.996727 -0.0407298 -0.0655186 0.0241727
145    5.1856   10.5776 -0.119686 0.995383 -0.000684575 -0.0799712 0.0530666
146    5.79521    10.6115 -0.0799811 0.99025 0.115028 -0.077452 0.01323
147   6.86562   10.8719 -0.135972 0.986604 0.145898 -0.0596938 0.041998
148   7.85239   11.1194 -0.117358 0.981396 0.177288 -0.060692 0.0417939
149   8.68607   11.6742 -0.114205 0.964886 0.250368 -0.045934 0.0648164
150   9.60948   12.2048 -0.135373 0.961034 0.253212 -0.103323 0.0402563
151    10.4293    12.8016 -0.0957981 0.964796 0.251935 -0.0583023 0.0479396
152   10.5424   12.9946 -0.097012 0.92997 0.359698 -0.0361695 0.0668158
153  10.6422  13.0387 -0.10413 0.861706 0.503197 -0.0601943 0.0251482
154    10.6782    13.0949 -0.0973583 0.781534 0.62188 -0.0300917 0.0395511
155   10.6948    13.346 -0.124493 0.840126 0.53716 -0.0448245 0.0603163
156   10.8237   13.6294 -0.116901 0.891307 0.45218 0.00511375 0.0328459
157   11.4001   14.5171 -0.172502 0.859746 0.505132 -0.0450917 0.060376
158   11.7074   15.1792 -0.124216 0.781713 0.619997 -0.0344371 0.05782
159   11.7663   15.4385 -0.113715 0.704468 0.702817 -0.0571209 0.0806866
160   11.7142   15.4613 -0.117964 0.627575 0.774722 -0.0283694 0.0717656
161   11.4358   16.1831 -0.176518 0.529045 0.844876 -0.0148798 0.0779406
162   11.2263   16.7604 -0.175475 0.616842 0.785432 -0.0197815 0.0470186
163   10.9345   17.7672 -0.128659 0.601856 0.796298 -0.0316414 0.0517451
164  10.6684  18.5067 -0.15395 0.515919 0.853307 -0.0158941 0.0737742
165   10.5232   18.7772 -0.120612 0.395339 0.915809 -0.00393419 0.0706074
166   10.4909   18.7271 -0.137649 0.278851 0.958198 0.0189204 0.0611596
167   10.4653   18.7037 -0.141862 0.137622 0.98889 0.0171009 0.0535195
168   10.4237    18.719 -0.144262 0.0261118 0.998406 0.010212 0.04899
169   9.35899   18.6535 -0.180212 -0.0534431 0.996127 0.0204575 0.0667544
170   8.25515   18.6192 -0.161189 -0.0487902 0.996653 0.0328382 0.0567868
171   7.82341    18.506 -0.127284 -0.195856 0.977655 0.0378217 0.0663314
172    7.7669   18.5315 -0.136255 -0.299835 0.953704 0.00692032 0.0223554
173   7.66122   18.5198 -0.124068 -0.397937 0.915832 0.018591 0.0505244
174  7.62906  18.4449 -0.12915 -0.503523 0.86103 0.0586384 0.0406555
175   7.64706   18.4307 -0.133483 -0.595899 0.802235 0.0276351 0.0236674
176  7.35785  17.4061 -0.13198 0.711083 -0.698725 -0.0631203 -0.0464877
177   7.39776   17.3592 -0.133952 0.792875 -0.607356 -0.0429129 0.0250362
178  7.37585  17.2221 -0.13682 0.885285 -0.46002 -0.0629277 -0.026294
179   7.42811   17.1167 -0.128724 0.927057 -0.364269 -0.082079 -0.0337129
180   7.62752   16.9023 -0.132892 0.864823 -0.498801 -0.0522173 -0.0234931
181   7.70733   16.8694 -0.139798 0.79596 -0.603695 -0.0445982 0.00330268
182   7.78235   16.4751 -0.151434 0.720799 -0.690742 -0.045416 -0.0355151
183   7.99285   15.4007 -0.176802 0.727934 -0.683597 -0.0524839 -0.00727114
184   8.11476   14.5832 -0.195893 0.800501 -0.592967 -0.0813582 -0.0311283
185   8.34411   13.7274 -0.170835 0.735683 -0.672528 -0.0776563 -0.0211224
186  8.49035  12.8765 -0.12579 0.796452 -0.593587 -0.0962662 -0.0636523
187   8.77909   11.9138 -0.122363 0.80919 -0.578737 -0.0821952 -0.0593256
188   8.83061   11.8899 -0.109092 0.871205 -0.486131 -0.0682413 -0.00461682
189   9.09461   11.5914 -0.118407 0.927637 -0.356331 -0.110817 -0.0154025
190   9.28282   11.4944 -0.113059 0.969726 -0.231261 -0.0769309 0.0152328
191 9.37069 11.4237 -0.1028 0.994492 -0.0671237 -0.0803785 0.00442644
192   9.38621   11.3865 -0.102782 0.997596 0.0400134 -0.0565023 0.00278849
193   9.43803   11.3595 -0.106676 0.981491 0.178591 -0.0678556 0.0132449
194    10.412   11.7197 -0.130579 0.989667 0.140051 -0.029431 0.00890848
195   11.2475   12.0315 -0.120103 0.998505 0.0372153 -0.0393613 0.00733961
196   11.7977   12.0964 -0.111666 0.990096 -0.108 -0.0893358 0.00808973
197    12.024   11.9626 -0.113095 0.965252 -0.246455 -0.0865054 -0.00801709
198   12.0516   11.9549 -0.109178 0.928003 -0.368475 -0.0528386 -0.0156595
199   12.3277   11.6869 -0.132148 0.880783 -0.467682 -0.0705186 -0.0228448
200    12.4673    11.3754 -0.0977365 0.829949 -0.557545 -0.0136199 -0.0119127
201    12.8366    10.3931 -0.0943253 0.786443 -0.614144 -0.0510763 -0.0415293
202   12.8496   9.95064 -0.100474 0.719764 -0.689872 -0.0649118 -0.042464
203   12.8478   8.93672 -0.101399 0.712367 -0.698463 -0.0557637 -0.0396578
204   12.7653   7.88172 -0.112012 -0.6587 0.751977 0.0164546 0.0193337
205   12.8036   7.38917 -0.131444 0.739202 -0.66907 -0.0767276 -0.00616271
206   12.9104   6.31003 -0.123034 0.795761 -0.603017 -0.0556775 -0.00584356
207   13.0913   5.25022 -0.127025 0.78873 -0.612172 -0.0532068 -0.0178614
208   13.1242   4.91449 -0.102698 0.710749 -0.699076 -0.062076 -0.0476915
209   13.2439   3.89204 -0.092881 0.774 -0.63207 -0.0372349 -0.00494576
210   13.2711    3.6608 -0.117107 -0.697151 0.713013 0.0698144 0.0268206
211    13.2376    2.60001 -0.0868623 -0.681535 0.73033 0.0414886 0.0201472
212     13.28    2.3431 -0.118214 0.756304 -0.651347 -0.0609244 -0.00631402
213    13.3394    2.04674 -0.0945627 0.824079 -0.565807 -0.0274915 0.00018214
214   13.3603   1.72304 -0.106686 0.760202 -0.647163 -0.0518799 -0.0241327
215    13.5067    1.24655 -0.0980998 0.826463 -0.558343 -0.0713935 -0.0107315
216   13.5877  0.981946 -0.102085 0.757405 -0.651909 -0.0301318 -0.021085
217   13.6739  0.632752 -0.130511 0.828404 -0.555031 -0.0696709 -0.0288702
218   13.8372  0.048756 -0.129039 0.765666 -0.640027 -0.0546511 -0.0336889
219   13.8355 -0.428469 -0.117194 -0.684856 0.720306 0.082143 0.0733775
220   13.8185  -1.53383 -0.113938 -0.617152 0.784681 0.0567836 0.0132544
221    13.7435     -2.065 -0.0656404 -0.690312 0.71629 0.0916392 0.0447139
222    13.7948   -2.79114 -0.0940712 0.762713 -0.639674 -0.0811202 -0.0500588
223    13.9444   -3.82568 -0.0956752 0.713915 -0.69844 -0.0426705 -0.0261978
224    13.8581   -4.65986 -0.0945912 -0.630113 0.77393 0.0261092 0.0575207
225    13.6691   -5.68888 -0.0793251 -0.640804 0.764369 0.0562916 0.0440653
226   13.6239  -6.68552 -0.110324 0.732303 -0.675773 -0.0775393 -0.0324111
227   13.6587  -7.01391 -0.101432 -0.660113 0.749186 0.0430065 0.0335086
228   14.0517  -7.85469 -0.105148 0.740398 -0.667325 -0.0803453 -0.00562659
229    14.1265   -8.20321 -0.0859103 0.805183 -0.590236 -0.0452325 -0.0354247
230    14.1089   -8.30515 -0.0474651 0.863213 -0.503011 -0.0378006 -0.0203867
231     14.192   -8.78251 -0.0681018 0.788951 -0.610509 -0.0528149 -0.0452266
232    14.2066   -8.89932 -0.0669748 0.724123 -0.685874 -0.0620071 -0.0371094
233     14.243   -8.94446 -0.0670695 -0.614675 0.784768 0.0678966 0.0412684
234    14.2587   -8.95764 -0.0621204 -0.471123 0.878503 0.0638267 0.0469271
235    14.2589    -8.9146 -0.0681065 -0.366638 0.92886 0.0412271 0.0330948
236    14.2877   -8.89368 -0.0604886 -0.263622 0.96452 0.0119289 0.0078559
237   13.7392  -9.12907 -0.112146 -0.160628 0.986405 0.018125 0.0295703
238    12.7421   -9.32058 -0.0883164 -0.153129 0.987676 0.0102592 0.0307001
239    11.9465   -9.43643 -0.0650446 -0.255348 0.964564 0.0499701 0.0437739
240    11.9847   -9.46496 -0.0620948 -0.365033 0.930085 0.0342908 0.0227413
241     11.953   -9.45892 -0.0508154 -0.47064 0.880993 0.0419586 0.0242587
242   11.9941   -9.4629 -0.060917 -0.578021 0.813959 0.0578973 0.00326897
243    12.0069   -9.46884 -0.0584281 -0.679067 0.732242 0.0517514 0.00344809
244    12.0072   -9.51129 -0.0564499 0.812682 -0.579036 -0.0611363 -0.0229626
245    12.0464   -9.53699 -0.0704271 0.871481 -0.480843 -0.0941137 -0.0213048
246    12.0732   -9.55442 -0.0583368 0.923045 -0.3793 -0.06378 -0.0071845
247    12.1047   -9.57925 -0.0660928 0.974941 -0.194667 -0.105834 -0.0198593
248    12.1204   -9.51514 -0.0755499 0.994128 -0.0582496 -0.0889619 0.0200759
249    12.1318   -9.51736 -0.0806373 0.99699 0.0517475 -0.0566219 0.0113077
250    13.1898    -9.3691 -0.0696174 0.982738 0.171215 -0.0626139 0.031481
251    13.3976   -9.25408 -0.0680369 0.959393 0.279966 -0.0274386 0.0207607
252    13.9277   -8.83882 -0.0822033 0.919461 0.388304 -0.00169326 0.0617116
253    14.0225   -8.74017 -0.0713577 0.844124 0.527722 -0.0497964 0.0805259
254    14.0769   -8.70873 -0.0626709 0.729031 0.681099 -0.0442236 0.051594
255    14.0677   -8.67579 -0.0640115 0.579406 0.810848 -0.0308654 0.0765621
256    14.0262   -8.68202 -0.0680472 0.479539 0.874311 -0.0211133 0.0719496
257    13.7662   -8.37456 -0.0696042 0.575887 0.813788 -0.028434 0.0727642
258    13.7733   -8.39422 -0.0672358 0.662132 0.745696 -0.0296643 0.0681058
259   13.8166  -8.21447 -0.104494 0.742346 0.666618 -0.0454027 0.0498239
260    13.791  -7.80483 -0.103369 0.669853 0.74059 -0.0104816 0.0520978
261    13.7895   -6.74091 -0.0856076 0.714654 0.695178 -0.0444086 0.0634448
262    13.783  -5.72252 -0.116645 0.725996 0.686434 -0.0226001 0.0350339
263    13.7654   -4.67539 -0.0873107 0.715069 0.698235 -0.015209 0.0302102
264   13.7253  -3.66951 -0.119286 0.688346 0.721993 -0.0203416 0.0670247
265    13.7562   -3.26984 -0.0942598 0.759662 0.649829 -0.0209349 0.0140411
266    13.7813    -2.4392 -0.0815128 0.673971 0.737484 -0.0226465 0.0369744
267    13.7315   -2.39672 -0.0741296 0.520617 0.850525 -0.0193451 0.0720406
268    13.6904    -2.4158 -0.0791083 0.424267 0.904135 -0.00414033 0.0501966
269   13.5792  -2.31666 -0.103474 0.526783 0.846317 -0.00807587 0.0786242
270   13.5487  -2.08733 -0.106543 0.623621 0.777497 -0.0429209 0.0689491
271   13.5406  -1.71884 -0.100842 0.716654 0.692786 -0.0690615 0.0410553
272    13.7371   -0.70432 -0.0991757 0.779115 0.624603 -0.0312893 0.0432664
273   13.9153 -0.218312 -0.118293 0.854576 0.512609 -0.0795804 0.0244504
274   14.3172  0.493717 -0.118691 0.911458 0.410595 -0.0252467 -0.00418437
275   14.6911  0.758379 -0.128191 0.966196 0.254556 -0.0407134 0.00287675
276   14.8489  0.770903 -0.129468 0.985988 0.143519 -0.0823266 -0.0212778
277    15.804   1.10047 -0.110335 0.990125 0.121357 -0.0652053 0.0259285
278   16.0184   1.12201 -0.122761 0.99868 -0.0256725 -0.0405785 -0.0182616
279   16.0228   1.11988 -0.115688 0.986833 -0.156127 -0.0421806 0.00247294
280   16.0482   1.13299 -0.128435 0.954014 -0.293893 -0.0576837 0.012523
281   16.0488   1.11998 -0.118387 0.887276 -0.456836 -0.0599551 -0.0211796
282   16.0252    1.1179 -0.114719 0.831272 -0.553154 -0.0534712 -0.0121828
283   16.0517   1.11916 -0.113627 0.746834 -0.661893 -0.0628878 -0.0134743
284    16.0704    1.09908 -0.0993709 -0.63132 0.772432 0.0582631 0.0372834
285   16.0542   1.10282 -0.104649 -0.524904 0.848737 0.0494064 0.0409891
286   16.0431   1.10683 -0.114669 -0.398082 0.914827 0.0520995 0.0436762
287    16.048   1.09365 -0.117635 -0.222798 0.972826 0.0390434 0.0494627
288    15.0594   0.704311 -0.0930132 -0.184382 0.981906 0.0207551 0.037864
289   14.7296  0.519842 -0.113632 -0.281995 0.958528 0.0121809 0.0394318
290    13.965 0.0635058 -0.107339 -0.420329 0.904832 0.0497014 0.046184
291    13.8938 -0.0616891  -0.117136 -0.512259 0.852342 0.0694799 0.0792182
292   13.5413  -1.05596 -0.113423 -0.493226 0.866091 0.0510755 0.0632927
293   13.3237  -1.55729 -0.120454 -0.580051 0.813442 0.041491 0.011476
294    13.1857   -2.01618 -0.0908188 -0.476356 0.877275 0.0487845 0.0330774
295   13.0934  -2.10275 -0.103236 -0.363859 0.928714 0.0483064 0.0525601
296    12.6248   -2.35848 -0.0958414 -0.228767 0.971262 -0.00534498 0.0654743
297    12.4752   -2.37571 -0.0943343 -0.0975594 0.991381 -0.0189985 0.0853541
298    11.6717   -2.45074 -0.0996127 0.00467498 0.999321 -0.0140676 0.0337167
299    10.5924   -2.49881 -0.0876773 -0.0175208 0.998029 0.00801879 0.0597265
300    9.57193   -2.52399 -0.0828962 -0.0264124 0.997164 0.0160073 0.0686325
301   8.53049   -2.5822 -0.104918 -0.0616724 0.995861 0.0449146 0.0493998
302    8.06531   -2.53977 -0.0930294 0.0444169 0.998827 -0.00760632 0.0176967
303    7.04211   -2.50841 -0.0732508 0.0569478 0.997964 0.00592313 0.0281134
304    6.01609   -2.45982 -0.0755169 0.046613 0.996751 0.00534365 0.0654678
305    5.75823   -2.45319 -0.0685087 -0.0572435 0.998139 0.0207186 -0.00363163
306    5.35446     -2.461 -0.0793365 0.049674 0.998156 -0.004435 0.0345929
307    4.73855   -2.48759 -0.0569839 -0.0565282 0.997146 0.00103752 0.0500389
308     4.6755    -2.4848 -0.0535803 -0.179659 0.982617 0.0203374 0.0421034
309    4.6775  -2.52605 -0.070965 -0.311188 0.949144 0.0422185 0.0224707
310    4.67158   -2.56957 -0.0648781 -0.427582 0.902967 0.0336529 0.0263035
311    4.49923   -2.73205 -0.0771057 -0.321251 0.944911 0.0269534 0.056687
312    4.40277   -2.79724 -0.0662689 -0.150543 0.985878 0.026449 0.0684163
313    4.42538   -2.84558 -0.0655197 -0.0479297 0.998647 0.018029 0.00899369
314    3.38238   -2.85064 -0.0536003 0.0347169 0.99846 0.011545 0.0416905
315    2.89597   -2.82615 -0.0445418 0.138932 0.986478 -0.0167368 0.0853164
316    2.77133   -2.73113 -0.0341368 0.257183 0.965716 -0.0209989 0.0284202
317    2.50894   -2.55681 -0.0649773 0.356702 0.933746 -0.0072777 0.0287929
318    2.46109   -2.43429 -0.0649978 0.456296 0.886335 -0.059598 0.0515072
319    2.35609   -2.23103 -0.0522208 0.56129 0.824017 -0.0347639 0.0688555
320     2.3531   -2.14231 -0.0493183 0.651476 0.753316 -0.0588892 0.0680169
321    2.39302   -2.03912 -0.0724413 0.751066 0.655128 -0.0680763 0.045529
322    2.52697   -1.79148 -0.0718794 0.816042 0.570307 -0.0813336 0.0470202
323    2.79459    -1.1915 -0.0496779 0.745423 0.664643 -0.0206052 0.0465856
324  2.87932 -0.35278 0.415853 0.807797 0.587506 0.006874 0.04747
325   2.14768 -0.975006  0.764405 0.825005 0.556549 0.0778492 0.0596561
326  1.61242 -1.80216 0.582427 0.854169 0.511256 0.0791809 0.0523723
