0 -4.09542e-05 -0.000432375  0.000103379 0.227713 0.972636 0.000248798 0.0461055
1  -0.729555   0.227008 -0.0616511 0.346236 0.935832 -0.00613185 0.0655818
2   -1.12593   0.460083 0.00537785 0.46402 0.884718 -0.00513879 0.0439809
3    -1.36204    0.727193 -0.00610929 0.58926 0.805487 -0.0254362 0.0575893
4 -1.41025 0.857854 0.022568 0.500149 0.862676 -0.036083 0.0658714
5  -1.59224  0.936689 0.0400165 0.37244 0.924626 -0.0121299 0.0787883
6  -1.57047  0.993852 0.0280268 0.27365 0.960314 -0.0162658 0.0514712
7   -1.58802    0.93071 0.00308516 0.166443 0.985148 0.0137158 0.0398989
8    -1.66683    0.944134 -0.00154344 0.063361 0.99751 0.0185593 0.0247849
9  -2.10744   1.00239 -0.011174 0.166235 0.984887 0.0122411 0.0470451
10  -2.11657   1.03089 -0.014914 0.285744 0.957448 -3.04745e-05 0.0405407
11    -2.09654     1.02364 -0.00537418 0.397844 0.916594 -0.0134804 0.0373449
12   -2.12949    1.00032 -0.0046217 0.503416 0.863461 -0.0019175 0.0316835
13    -2.07948     1.01197 -0.00409067 0.610377 0.791078 -0.0230169 0.0332565
14    -2.14829     1.00836 -0.00232634 0.690654 0.721967 -0.00496195 0.0416652
15    -2.09229     1.03498 -0.00738325 0.76527 0.6432 -0.0173633 0.0188451
16    -1.94928     1.64372 -0.00591257 0.684058 0.72685 -0.0351926 0.050152
17    -2.03342     1.68546 -0.00990973 0.589709 0.805147 -0.0172649 0.0606961
18   -2.00367    1.74313 -0.0116804 0.496356 0.866364 -0.0268216 0.0482214
19  -2.05691   1.73451 -0.011758 0.399131 0.916101 0.00729242 0.0374145
20   -2.43408    2.10265 -0.0210574 0.505771 0.861102 -0.0157213 0.049522
21  -2.39327   2.11845 -0.028895 0.608043 0.792972 -0.0217148 0.0317322
22   -2.48083    2.12581 -0.0246937 0.699115 0.713556 -0.0059528 0.0451726
23   -2.42189    2.14588 -0.0204946 0.781485 0.622357 -0.0305448 0.0319456
24   -2.28729    2.30403 -0.0287866 0.844287 0.534343 -0.033759 0.0227333
25    -1.9138    2.84924 -0.0290251 0.782186 0.621038 -0.0165567 0.0471373
26   -1.89121    2.84586 -0.0238278 0.712764 0.700182 -0.00398399 0.0411994
27  -1.88224   3.83018 -0.048164 0.631462 0.773965 -0.0350999 0.0316505
28  -1.90422   3.82819 -0.040341 0.530378 0.84607 -0.00548116 0.0532384
29   -1.94567    3.80582 -0.0331664 0.440128 0.896603 0.00378799 0.048735
30   -1.94207    3.83808 -0.0323505 0.329337 0.943345 0.00775846 0.0397167
31  -2.21857   4.05196 -0.036637 0.218869 0.974465 -0.00915367 0.0493089
32   -2.35701    4.10857 -0.0408162 0.322464 0.944421 -0.00680241 0.0635629
33   -2.34092    4.15576 -0.0355135 0.423063 0.905177 -0.0223173 0.0342624
34   -2.43113    4.17064 -0.0360526 0.518438 0.853812 -0.00758928 0.0465817
35    -2.4822    4.33764 -0.0392805 0.607088 0.79327 -0.0101192 0.0454399
36    -2.6888    5.32602 -0.0518329 0.639843 0.766405 -0.0185328 0.0536759
37    -2.6826    4.31446 -0.0441515 0.683932 0.728829 0.0112061 0.0303401
38   -2.68241    3.95095 -0.0346246 0.757482 0.652393 -0.00838996 0.0230988
39   -2.65326    3.91908 -0.0361798 0.820767 0.570764 -0.0141689 0.0192056
40   -2.74595    3.94281 -0.0323862 0.888684 0.45708 -0.0018389 0.0362692
41   -2.71425    3.88351 -0.0447362 0.945364 0.324837 -0.022709 0.0158942
42   -2.76638    3.91573 -0.0437144 0.979021 0.201188 -0.0134975 0.0293062
43   -2.76569    3.90483 -0.0346299 0.996302 0.0810949 -0.0239816 0.0152062
44   -2.74982    3.93983 -0.0294707 0.999292 -0.0238946 -0.0079442 0.0279559
45   -1.76465    3.76097 -0.0384898 0.994899 0.0852799 -0.0482467 0.0239907
46   -1.55121    3.84126 -0.0362199 0.980297 0.190249 -0.0440329 0.0297215
47  -0.582613    4.15407 -0.0259631 0.991008 0.125167 -0.0460624 0.0106631
48  0.0699206     4.2808 -0.0283481 0.999028 0.0129844 -0.0414189 0.00770287
49  0.0905167    4.27167 -0.0223456 0.995298 -0.0913166 -0.0318174 0.00552318
50   0.103889     4.2738 -0.0231558 0.977297 -0.209413 -0.032153 -0.00134241
51   0.120155    4.30561 -0.0186414 0.942249 -0.33244 -0.0404898 -0.00328594
52    0.0943319      4.27544 -0.000210764 0.897113 -0.440581 -0.0297867 -0.0137578
53   0.143733    4.31087 0.00553403 0.831391 -0.554609 -0.034498 -0.00265121
54   0.0549009     4.29182 -0.00638283 0.743658 -0.667771 -0.0217089 -0.0241652
55  0.0926139    4.28691 -0.0179854 -0.647911 0.760814 0.0326932 0.0174799
56   0.115261    4.29703 -0.0186939 -0.55085 0.833683 0.033815 0.0198313
57  0.0650604    4.33898 -0.0240377 -0.460148 0.887107 0.0128106 0.0337902
58  0.0826305    4.32028 -0.0348752 -0.327601 0.944079 0.0236414 0.0288609
59   0.115314    4.28283 -0.0298975 -0.223748 0.973841 0.0273107 0.0287187
60   0.107153    4.33646 -0.0332472 -0.106824 0.993645 0.00915491 0.034271
61  0.0647461    4.32292 -0.0346563 -0.00564637 0.99954 -0.00468596 0.0294138
62  -0.793046    4.36585 -0.0285576 -0.117449 0.991338 0.0198054 0.0553409
63  -0.951015    4.34233 -0.0282362 -0.21919 0.97369 0.0179953 0.0596564
64   -1.09347    4.16603 -0.0308654 -0.35941 0.931478 0.03661 0.0428141
65   -1.18106    4.12918 -0.0320731 -0.478568 0.876278 0.0380483 0.0407682
66   -1.20053    4.04019 -0.0302332 -0.580793 0.812173 0.041869 0.0360694
67   -1.20683     3.8719 -0.0282282 -0.685441 0.726764 0.0413205 0.0166264
68   -1.26086    3.40868 -0.0102687 -0.589275 0.806579 0.0359451 0.0298896
69   -1.36216    3.33834 -0.0212448 -0.487723 0.871998 0.0154763 0.0388066
70   -1.41282    3.25927 -0.0255625 -0.397057 0.916565 0.0216888 0.0422357
71   -1.6136   3.12262 -0.025307 -0.290307 0.955808 0.012845 0.0445913
72   -1.84771    3.02666 -0.0189212 -0.165076 0.98474 0.00567116 0.0548219
73  -1.88275   2.95325 -0.016295 -0.0548196 0.996946 0.0139682 0.0538428
74   -1.89346    3.01059 -0.0207762 0.0503924 0.997645 -0.00651036 0.0460762
75   -1.95524    2.96189 -0.0190793 0.162696 0.985312 0.0102991 0.0508328
76    -1.9397    3.05385 -0.0246009 0.268346 0.962633 -0.0101116 0.035005
