0  3.13803e-05 -2.29172e-05  5.01625e-05 0.411476 0.910984 -4.37265e-06 0.0281966
1  -0.715507   0.729165 0.00824431 0.43905 0.898185 0.00164422 0.0222782
2   -1.42903    1.46014 0.00467391 0.433118 0.900299 0.00104032 0.0432256
3   -1.60332    1.46812 0.00670488 0.521904 0.852265 0.021356 0.0283605
4   -1.59404    1.46036 0.00358067 0.60835 0.793236 0.00415037 0.0258755
5    -1.5956    1.47585 0.00544667 0.684724 0.728283 0.00732837 0.0265319
6 -1.58912  1.45048 0.011696 0.756999 0.653185 -0.00224902 0.0172133
7   -1.68787    1.47115 0.00924837 0.83131 0.554808 0.00713172 0.0325766
8  -1.59156   1.41899 0.0138215 0.891565 0.45233 -0.0164361 0.0154458
9   -1.67847    1.48801 0.00709872 0.936732 0.347854 -0.00489418 0.0388087
10  -1.64155   1.41497 0.0047299 0.968328 0.248944 -0.0149612 0.0119876
11  -1.67517     1.507 0.0196081 0.9895 0.140713 -0.0145273 0.0296515
12   -1.67703    1.47771 0.00706185 0.99896 0.0401145 -0.0127943 0.0175187
13    -1.68121     1.51415 -0.00658652 0.996713 -0.0775606 -0.0220205 0.00785537
14   -1.70309    1.51115 0.00731908 0.983756 -0.178046 -0.0211244 0.00882786
15   -1.62811    1.63402 0.00859108 0.959017 -0.280726 -0.0196686 0.0330509
16   -0.778252     1.06851 -0.00584322 0.954342 -0.296482 -0.0332813 0.0148826
17  -0.468112   0.798707 0.00320949 0.914549 -0.403992 -0.01916 -0.00473454
18 -0.286452   0.68364 0.0283355 0.864846 -0.500162 -0.0414205 0.0127919
19 -0.296617   0.55755   0.01033 0.803474 -0.594109 -0.0360181 -0.012888
20  -0.268652   0.507337 0.00661962 0.734563 -0.678266 -0.0184931 -0.00554058
21 -0.164784   0.42483  0.014352 -0.652582 0.756971 0.0322546 -0.00952881
22   -0.261869    0.386798 0.000720959 -0.563055 0.826156 0.0159072 0.0134882
23 -0.206196  0.273908 0.0123163 -0.459081 0.887727 0.0344446 0.000264165
24 -0.296748  0.305822 0.0147991 -0.356939 0.933929 0.0132116 0.0139929
25  -0.29943   0.24753 0.0124311 -0.244082 0.969292 0.0267522 0.0134741
26  -0.290883   0.241206 0.00589534 -0.131226 0.991122 0.012542 0.0172853
27  -0.291303   0.158083 -0.0031972 -0.0235468 0.998932 0.0374089 0.0134834
28   -0.266019    0.311963 -0.00190697 0.0775375 0.99697 0.00268202 0.00562085
29  -0.300356   0.212037 0.00995683 0.189234 0.981269 0.0301428 0.0198423
30 -0.254627  0.279247 0.0115336 0.292988 0.955916 -0.00219759 0.0194123
31   -0.125664   0.0448228 -0.00394055 0.396632 0.91739 0.021719 0.0246409
32 -0.0438019    0.02525  0.0162443 0.294563 0.954532 -0.00230947 0.0457791
33 -0.00857386   0.0142666  0.00779346 0.420094 0.906835 0.00145117 0.0342105
34 -0.0179637  0.0163555 0.00137565 0.565115 0.823776 0.00273602 0.0450647
35  -0.0393623   0.0206945 4.32889e-05 0.658774 0.750669 -0.000971131 0.0501178
36 -0.0532577  0.0383154  0.0008932 0.562228 0.825028 -0.00817846 0.0562293
37 -0.0691918  0.0348869 0.00305046 0.393332 0.917672 -0.00529243 0.0560363
38 -0.0717562  0.0167634  0.0055649 0.252955 0.966475 -0.00168176 0.0440084
39 -0.0315947 -0.0358309  0.0199938 0.357229 0.932536 0.0171338 0.0497121
40 -0.0482888 -0.0202486  0.0148594 0.204844 0.977174 0.00450685 0.0561159
41 0.00182199 -0.0283234  0.0189952 0.30172 0.95263 0.0238682 0.0298715
42  0.0247512 0.00592927 0.00592341 0.40306 0.914557 0.00841191 0.0325045
43 -0.0204229  0.0235307  0.0195029 0.290707 0.955214 -0.00918939 0.0545084
44 0.00205316 0.00659748   0.022455 0.415862 0.90827 -0.00628787 0.0454442
45 -0.015141 0.0148427 0.0142491 0.309467 0.949414 -0.00602918 0.0529729
46  0.00432309 -0.00075158   0.0147593 0.409904 0.91107 -0.00293076 0.0438465
47 -0.0188185 0.00703381  0.0187318 0.308756 0.949829 -0.00458849 0.0497365
48 -0.000997497   0.00290218    0.0173173 0.411832 0.910188 -0.00310728 0.0440789
49 -0.000319129  -0.00238856    0.0142862 0.311978 0.949083 -0.00274689 0.0436266
50 -0.00128294  0.00409189   0.0161516 0.407788 0.911858 -0.00344372 0.0470362
51 -0.0203809 0.00985475  0.0149236 0.280967 0.958379 -0.0042375 0.0504976
52   0.0175877 -0.00997905   0.0162506 0.426813 0.903527 0.00115365 0.038312
53 -0.00395634  -0.0168547    0.017242 0.57147 0.819288 0.00349589 0.0466593
54 -0.0409654  0.0180349  0.0125169 0.461483 0.885041 -0.0127743 0.0597759
55  -0.052825 0.00621264 0.00986089 0.291592 0.954982 -0.00722512 0.0541351
56 -0.0536523 -0.0130071 0.00760131 0.192205 0.980255 -0.00108502 0.046432
57  0.0170125 -0.0616843  0.0127692 0.300053 0.95268 0.0281658 0.0397013
58 -0.0181356 -0.0669024  0.0270559 0.417679 0.906408 0.000687772 0.0629988
59 -0.0783885 -0.0137597   0.027732 0.281411 0.955229 -0.0204435 0.0890377
60  -0.088053 -0.0747808  0.0187409 0.168828 0.984251 -7.19052e-05 0.0524182
61 -0.0541632 -0.0817372  0.0258008 0.287224 0.956857 0.00343066 0.0437557
62 -0.0716156 -0.0934775  0.0271179 0.447525 0.892893 0.00518018 0.0493606
63  -0.117406 -0.0787248  0.0226542 0.308305 0.949359 -0.00337663 0.0604572
64  -0.120556 -0.0944289  0.0220908 0.137815 0.989183 0.000898225 0.0502342
65 -0.0890997   -0.12093  0.0239779 0.0115978 0.99943 0.0117005 0.0294682
66 -0.0637595  -0.129271  0.0201652 0.112216 0.992598 0.0237655 0.0398965
67 -0.0830934  -0.138075  0.0204306 0.234194 0.970541 0.016446 0.0541597
68 -0.110477 -0.129758 0.0225064 0.12535 0.989917 0.0113556 0.0649862
69 -0.087984 -0.131353 0.0227987 -0.0178317 0.998491 0.0139615 0.0500363
70 -0.0845014 0.00896496  0.0226809 0.100837 0.992922 -0.025255 0.0574371
71  -0.108102 -0.0762137   0.016999 0.205892 0.976669 0.0062562 0.0607239
72 -0.0512574  -0.025105 0.00839084 0.324247 0.944496 -0.00591999 0.0524899
73 -0.0590555 -0.0207412 0.00668224 0.437105 0.897569 -0.0162848 0.0551759
74 -0.106915 0.0334956 0.0192037 0.329204 0.943029 -0.00619157 0.0477834
75 -0.0689289  0.0197963  0.0159083 0.445331 0.894423 -0.00352914 0.0409269
76 -0.0751427  0.0156186  0.0156378 0.5825 0.811389 -0.00226136 0.0483338
77 -0.101787 0.0186049 0.0171548 0.689163 0.722699 -0.00532967 0.0522698
78 -0.125076 0.0479467 0.0170146 0.501735 0.862895 -0.0150673 0.0587065
79 -0.136265  0.033784 0.0149868 0.342585 0.937982 -0.00970544 0.0522631
80    -0.07979 -0.00602358   0.0194775 0.24376 0.96946 0.00454915 0.0265931
81 -0.0781911 -0.0223125  0.0174572 0.383654 0.922209 0.0139663 0.0463057
82   -0.10466 -0.0232499   0.010728 0.490312 0.869866 0.00623708 0.0537434
83  -0.136436 0.00831746  0.0104391 0.352131 0.933347 -0.00140241 0.0697502
84   -0.110603 -0.00126012   0.0143316 0.237181 0.970045 0.00285563 0.0524317
85 0.000939732   0.0968372   0.0198547 0.335976 0.941254 -0.020414 0.0272721
86 -0.0929969  0.0323233  0.0141695 0.226654 0.973012 0.00254377 0.0432273
87 -0.0558053  0.0196457  0.0168034 0.356213 0.933703 0.00369745 0.0360107
88 -0.058269 0.0142691 0.0159853 0.50253 0.863529 0.00487015 0.0419307
89 -0.0787853  0.0160496  0.0148534 0.610934 0.790239 0.000678398 0.047772
90 -0.107324 0.0440763 0.0144701 0.377745 0.924099 -0.0103147 0.0569444
91 -0.116442 0.0264625  0.014563 0.219474 0.974305 -0.00457383 0.0504032
92  -0.0830163 -0.00894653   0.0197428 0.113046 0.993074 0.0125874 0.0294336
93  -0.048345 -0.0495295   0.032855 0.232557 0.971362 0.036404 0.0323793
94  -0.205267   0.070046 0.00548658 0.137398 0.985389 -0.0127235 0.0998381
95  -0.252757 -0.0566007   0.023941 0.26694 0.962375 0.00946874 0.049873
96  -0.243402 -0.0287374   0.027095 0.156477 0.986341 0.00333974 0.0513417
97  -0.243833 -0.0442559  0.0209671 0.026201 0.998525 0.00490995 0.0472995
98  -0.231287 -0.0500829  0.0201925 0.145249 0.988417 0.00849309 0.0431569
99   -0.20482 -0.0582695  0.0201573 0.293168 0.955268 0.00767758 0.0381625
100  -0.257973 -0.0411319  0.0209085 0.175879 0.982621 0.00353162 0.0592423
101  -0.251544 -0.0416075  0.0210825 0.0677451 0.99638 0.00453479 0.0511543
102  -0.219469 -0.0539176  0.0252071 0.204011 0.978058 0.00896503 0.0412554
103  -0.226742 -0.0459164  0.0231137 0.0802041 0.996019 0.00634587 0.038385
104  -0.242332 -0.0499258  0.0228769 0.207648 0.976976 0.00712694 0.0484779
105  -0.242655 -0.0422119  0.0246257 0.107903 0.993121 0.00726498 0.0448818
106 -0.245622 -0.045067 0.0222096 -0.00990338 0.998942 0.00868306 0.0440626
107  -0.234397 -0.0485564  0.0230253 0.113382 0.992695 0.00948769 0.0401418
108  -0.206335 -0.0552532  0.0238151 0.263292 0.963956 0.00883504 0.0372598
109   -0.26727 -0.0378235  0.0210258 0.129187 0.989707 0.00498252 0.0613713
110  -0.261698 -0.0376331  0.0201424 0.0274978 0.998232 0.0029235 0.0526229
111  -0.220032 -0.0564079  0.0190259 0.171172 0.984324 0.0115676 0.0408901
112  -0.220232 -0.0516229  0.0231307 0.0459069 0.998226 0.00969441 0.0366587
113  -0.230443 -0.0608388  0.0261542 0.16909 0.984461 0.00943708 0.0464251
