0 7.34076e-05 2.43161e-05 2.20049e-05 0.175525 0.983221 -3.04178e-05 0.0496834
1  -0.0757419  0.00443293 0.000278567 0.299531 0.953782 0.0199494 0.0135406
2  -0.162537   0.100237 0.00594978 0.404368 0.914199 0.00198026 0.0268914
3  -0.25079 0.0975761 0.0170596 0.279825 0.958916 0.0222744 0.041015
4 -0.252198   0.18125 0.0149574 0.167607 0.984956 0.00291872 0.0419679
5    -0.251362     0.153642 -0.000908268 0.0446229 0.998246 0.0214329 0.0324748
6   -0.34308  0.0745606 0.00674751 -0.0585245 0.997329 0.0353686 0.0256617
7  -0.56268 0.0956544 0.0166342 0.0601157 0.997125 0.0124361 0.0444285
8    -1.53928    0.344099 -0.00134584 0.132294 0.989618 0.013705 0.0544616
9   -2.05506   0.419321 -0.0173569 0.232742 0.971805 0.0139555 0.0350789
10    -2.07005    0.373955 -0.00876726 0.331501 0.942639 0.0077087 0.0384737
11  -1.99121  0.433827 -0.025063 0.428716 0.902788 -0.0203485 0.0275945
12   -2.00128   0.429762 -0.0269599 0.52911 0.84761 -0.0206331 0.034269
13    -2.10259    0.396199 -0.00351418 0.61528 0.786966 -0.000561013 0.0459852
14    -2.04907    0.406029 -0.00597537 0.696643 0.715983 -0.0217249 0.0398083
15   -2.04107    1.41625 -0.0187444 0.744605 0.665806 -0.0131289 0.045754
16   -2.00568    2.45474 -0.0202913 0.740664 0.669104 -0.0208345 0.0572948
17  -1.93684   2.87331 -0.035446 0.825607 0.560379 -0.0309264 0.0582423
18   -1.83733    2.91014 -0.0360514 0.883788 0.464074 -0.0479262 0.0354592
19   -1.85133    3.01605 -0.0303443 0.934894 0.350707 -0.0315444 0.0445332
20   -1.74403    3.03581 -0.0218556 0.889517 0.454792 -0.0310596 0.0309782
21    -1.7897    3.06976 -0.0237386 0.836839 0.545712 -0.00881265 0.042673
22   -1.72626    3.23596 -0.0354851 0.766867 0.640034 -0.0185548 0.0438971
23   -1.67497    3.45177 -0.0360209 0.835941 0.547167 -0.0278934 0.0321455
24 -1.75759  3.53176 -0.03402 0.888472 0.456785 -0.0144 0.0419176
25   -1.57649    3.73909 -0.0444468 0.931636 0.35918 -0.0314107 0.0453551
26   -1.10616    4.17754 -0.0521391 0.966079 0.252075 -0.0451509 0.0333323
27   -1.14051    4.25962 -0.0361219 0.987374 0.148825 -0.0363437 0.04028
28   -1.14267    4.19702 -0.0389882 0.998951 0.0230152 -0.0395165 0.00229063
29    -1.1307    4.14713 -0.0269208 0.996203 -0.0797054 -0.035002 0.00143669
30   -1.07781    4.26666 -0.0307475 0.98271 -0.17951 -0.034577 0.0293508
31   -1.07534    4.25449 -0.0488824 0.959751 -0.277846 -0.0357002 0.0201195
32   -1.10585    4.20306 -0.0182838 0.922776 -0.38442 -0.0254257 -0.00762369
33   -1.06293    4.24815 -0.0251064 0.86944 -0.492838 -0.0318497 0.0130214
34   -1.14777    4.21754 -0.0381627 0.811287 -0.584325 -0.0185353 -0.00580471
35   -1.03297    4.17989 -0.0321472 0.746039 -0.66504 -0.0328571 0.00818665
36   -1.13344    4.00008 -0.0308048 -0.66953 0.741697 0.0265718 0.0301392
37   -1.16281    3.83596 -0.0304622 -0.586472 0.809257 0.0220385 0.0258421
38    -1.3115    3.34276 -0.0273204 -0.500543 0.865032 0.0281184 0.0196443
39   -1.82171     2.4476 -0.0197376 -0.504752 0.861705 0.0417067 0.0308305
40   -2.27483    1.74731 -0.0371125 -0.590322 0.805289 0.0413206 0.0363638
41   -2.23101     1.6119 -0.0441996 -0.698863 0.713091 0.0535208 0.0150579
42   -2.13554    1.50323 -0.0253002 0.769778 -0.635606 -0.0586617 -0.00250338
43   -2.12706    1.27233 -0.0118907 0.840451 -0.539176 -0.0518084 -0.0157548
44    -1.87225      1.1314 0.000412925 0.894401 -0.44482 -0.0449251 0.0128162
45  -1.50253  0.679324 0.0320405 0.936606 -0.346667 -0.0504818 0.00661472
46  -1.46017  0.551167 0.0149855 0.975785 -0.216717 -0.0290511 -0.00580791
47  -0.570927  0.0358965 0.00442851 0.971909 -0.229769 -0.0503009 -0.00832292
48  0.412488 -0.255293 0.0276229 0.991265 -0.114459 -0.0586571 0.0291803
49  0.655255 -0.299503 0.0283011 0.997389 -0.00942377 -0.0652436 0.0295024
50  0.754457 -0.324844  0.012798 0.989271 0.128173 -0.0664724 0.0222903
51  0.779653 -0.237213 0.0034473 0.971966 0.228117 -0.0427734 0.0376303
52   0.847223  -0.126487 0.00717398 0.943084 0.329524 -0.031859 0.0314881
53    0.95585   0.011693 0.00384942 0.897969 0.437336 -0.0309195 0.0378529
54   1.30817  0.352371 0.0360772 0.939545 0.337668 -0.0468681 0.0322338
55    1.3975  0.370858 0.0147133 0.969575 0.238073 -0.0530634 0.0207166
56   1.46338  0.430697 0.0146459 0.993449 0.0993877 -0.0546767 0.0138233
57    1.50645   0.498341 0.00784802 0.99815 -0.0195084 -0.0532466 0.0219257
58   1.51566  0.403444 0.0068474 0.987094 -0.15611 -0.0355305 -0.00368822
59   1.54652  0.365916 0.0302722 0.96046 -0.276082 -0.0347753 -0.00923069
60   1.71291  0.370278 0.0467732 0.927228 -0.371411 -0.0468216 0.0104671
61    1.7273  0.205802 0.0461551 0.872882 -0.485758 -0.0440544 -0.0132213
62    2.01829  -0.180504 -0.0154774 0.926403 -0.370923 -0.0644385 -0.0064602
63    2.14623  -0.148236 -0.0410621 0.962323 -0.262384 -0.0688339 0.0187377
64   2.20001 -0.212762  -0.03796 0.99016 -0.129727 -0.0513741 0.01071
65    2.25995  -0.258502 -0.0124066 0.997638 0.00211627 -0.0676978 0.0114768
66     2.27774   -0.206842 -0.00298682 0.991766 0.109528 -0.0594551 0.0294625
67   2.28031 -0.133651 0.0171695 0.974311 0.215181 -0.0468298 0.0471366
68   2.31922 -0.162046 0.0245568 0.92796 0.369173 -0.0391515 0.0326936
69   2.36024 -0.179252 0.0426943 0.880184 0.470787 -0.0465491 0.0383301
70   2.34738  -0.16517 0.0470714 0.821071 0.566682 -0.0504205 0.0465953
71   2.26532 -0.144384 0.0455729 0.745652 0.66332 -0.0256539 0.0578876
72   2.23498 -0.130478 0.0510747 0.671357 0.738356 -0.0176354 0.0616462
73   2.27269 -0.106095 0.0507354 0.579818 0.813376 -0.0195567 0.0429902
74    2.2559 -0.125061 0.0546928 0.481956 0.874363 -0.0236308 0.0514641
75   2.20471 -0.147294 0.0605507 0.38335 0.921308 -0.0246306 0.0602289
76   2.15442 -0.209269 0.0639315 0.278348 0.958749 0.00416343 0.0574883
77   2.17713 -0.199001 0.0654847 0.167774 0.984877 0.00612919 0.0427964
78    2.22831 -0.0779102  0.0471535 0.0571907 0.997468 -0.00445376 0.0420381
79   2.24801 -0.127767 0.0102622 -0.0466585 0.998548 0.00347321 0.0267162
