0 -6.39233e-05 -4.33028e-06  4.65167e-05 0.0708308 0.997239 7.34699e-05 0.0223166
1 -0.0200621 -0.0148752 -0.0113056 0.171257 0.985086 -0.00418931 0.0160996
2   0.0436736  -0.0185372 -0.00833666 0.301747 0.95286 0.00543522 0.0312608
3 -0.00994963  -0.0843158 0.000957081 0.424916 0.904025 0.02006 0.0422247
4   0.0263399  -0.0509185 -0.00050045 0.545792 0.836762 -0.00738169 0.0434315
5   0.0679002  -0.0518354 -0.00530382 0.671811 0.739839 -0.0236242 0.0273914
6   0.0182131   -0.056308 -0.00578631 0.755322 0.65441 -0.0102144 0.033638
7 -0.0275156 -0.0560745 0.00288485 0.821758 0.56813 0.00106146 0.0440651
8   0.0337724  -0.0895879 -0.00187555 0.892594 0.449798 -0.0195431 0.0239953
9   0.0588824    -0.11319 -0.00800858 0.940208 0.339318 -0.0261836 0.0136447
10 -0.00492073  -0.0348645 -0.00822492 0.969207 0.24196 -0.0111718 0.0443759
11   0.0148222  -0.0948201 -0.00871207 0.990886 0.131935 -0.0220785 0.0158115
12    0.0160996   -0.0686221 -0.000866656 0.971331 0.233328 -0.0215802 0.0400949
13  0.956594  0.310043 0.0178318 0.977204 0.208142 -0.0357458 0.0217036
