0 -6.92847e-05 -5.19993e-05  0.000163396 0.169546 0.985375 -6.46702e-06 0.0170321
1  0.0544471   0.167636 -0.0111625 0.054689 0.998348 -0.0170045 0.00453509
2   0.0398047    0.103073 -0.00505417 -0.0733804 0.997276 0.00526178 0.0053841
3  0.0361515   0.037562 0.00879104 -0.190819 0.981313 0.0232598 0.00850565
4 -0.0290937   0.085637   0.013592 -0.321748 0.946589 0.0012323 0.0211397
5 -0.00614519    0.068837 -0.00133293 -0.453942 0.890608 0.0138202 0.0237103
6   0.0355007 0.000582887  0.00501588 -0.5687 0.821835 0.0325606 0.0103935
7  -0.0156001 -0.00817387  0.00152408 -0.651894 0.757847 0.0182606 0.0192022
8   -0.104991  -0.0382592 -0.00676878 0.748952 -0.661711 -0.0133753 -0.0320899
9  -0.0408829  -0.0392962 -0.00315084 0.816152 -0.577376 -0.0202453 -0.0110872
10 -0.0116773  -0.167329 -0.0161087 0.877721 -0.478388 -0.014397 -0.0233191
11    0.254159   -0.472895 -0.00240785 0.926376 -0.375308 -0.030033 -0.00834866
12   0.688939  -0.760977 0.00685386 0.963273 -0.263835 -0.0414246 -0.0279249
13     0.800815    -0.764552 -0.000598668 0.98752 -0.154579 -0.0301574 -0.00101752
14  0.960417 -0.704528 0.0167197 0.998351 -0.0550228 -0.0162215 -0.00207723
15     1.4272   -1.02157 0.00402475 0.984657 -0.173033 -0.0163489 -0.0156016
16      1.6065    -1.06352 0.000734547 0.959766 -0.280369 -0.00712665 -0.0138343
17     1.86417    -1.10262 -0.00243512 0.983671 -0.177475 -0.0284922 0.00901164
18    1.85347   -1.22001 0.00996871 0.99737 -0.0708275 -0.0151687 -0.00244619
19    1.87446   -1.19834 0.00520054 0.99929 0.0339368 -0.016022 0.00318405
20     1.99557    -1.15645 -0.00876729 0.990207 0.138006 -0.0155343 -0.0142842
21    2.48339  -0.811558 -0.0155167 0.971217 0.236998 -0.0187204 0.0147773
22   3.27146 -0.190441 0.0314407 0.965239 0.260601 -0.0147441 0.0135166
23    4.21776   0.226167 0.00891532 0.965394 0.258403 -0.0320671 0.0146384
24    4.47504   0.234943 -0.0268005 0.929104 0.367503 -0.0392143 0.012991
25    4.56946   0.322611 -0.0320003 0.879481 0.475307 -0.0212344 0.012036
26    4.62386    0.48719 -0.0255964 0.82593 0.562128 -0.0339711 0.0264325
27    4.70064   0.655062 -0.0223309 0.758068 0.650877 -0.0322669 0.0255194
28      4.699    0.76587 -0.0119757 0.681201 0.731104 -0.0305977 0.0227185
29    4.63691   0.879477 -0.0178661 0.598884 0.800155 -0.0188082 0.0271389
30   4.50827    1.1138 0.0345796 0.509138 0.859561 -0.0155334 0.0411366
31     4.25494      1.4151 0.000982687 0.415196 0.908436 -0.00839602 0.0478042
32     4.11286     1.61524 -0.00955993 0.511964 0.858245 -0.00913069 0.0349875
33     4.0345    1.80808 0.00772759 0.60051 0.798856 -0.0235862 0.0257094
34    3.9075   1.89119 0.0611838 0.689473 0.723195 -0.0225214 0.0332948
35   4.01967    1.9783 0.0588618 0.782697 0.621953 -0.0232132 0.00464143
36   4.16685   2.23921 0.0380928 0.846582 0.53089 -0.0329055 0.0192957
37   4.55991   2.40475 0.0489119 0.900913 0.432844 -0.0295036 0.011499
38    4.65594    2.58694 0.00861987 0.842867 0.53699 -0.0234671 0.0258099
39     4.68851       2.621 -0.00431869 0.784612 0.61935 -0.020306 0.0194198
40     4.75786      2.6605 -0.00705969 0.696393 0.717003 -0.0290453 0.0100298
41   4.69443   2.68006 0.0121759 0.583593 0.81177 -0.00791159 0.0196331
42    4.64158    2.73376 0.00180933 0.484402 0.874119 -0.0117581 0.0336403
43    4.66909    2.80207 -0.0165845 0.374333 0.9269 -0.0240566 0.0123766
44    4.65696    2.85504 -0.0336031 0.270789 0.962252 -0.0213678 0.0169897
45    4.61352    2.84386 -0.0507402 0.121808 0.992436 -0.00207215 0.0151683
46    4.60019    2.87511 -0.0369883 0.0197951 0.999657 0.00435301 0.0165604
47   4.61857   2.95372 -0.024593 -0.084894 0.996317 -0.00495977 0.0109853
48   4.57396   3.05627 0.0048707 -0.214542 0.976572 -0.00816741 0.0145992
49   4.52633   3.09896 0.0247766 -0.3133 0.949343 -0.00468267 0.0238541
50   4.52001   3.08506 0.0239138 -0.414959 0.909319 0.0198937 0.0234999
51   4.53794    3.0378 0.0384152 -0.505573 0.86171 0.0332887 0.0272617
52   4.45623   2.98016 0.0229413 -0.616722 0.78642 -0.000401092 0.0346068
53   4.45709   2.77489 0.0137546 0.709071 -0.704977 -0.010662 -0.010546
54    4.47508    2.33295 -0.0212664 0.784608 -0.619129 -0.024715 -0.021399
55     4.8194    1.37554 -0.0186832 0.810001 -0.585874 -0.0228501 -0.011283
56      5.02759     0.948379 -0.000734408 0.864818 -0.50199 0.00571513 0.00800621
57   4.95453   1.41523 -0.041561 0.910557 -0.411507 -0.0172361 0.0353642
58    4.97834     1.5367 -0.0535135 0.955767 -0.291839 -0.0365752 -0.00107182
59    4.89738    1.62959 -0.0917455 0.980604 -0.183636 -0.0673692 -0.0124341
60    4.75422    1.53429 -0.0504218 0.957968 -0.28548 -0.0272793 -0.00738836
61     4.85524     1.39765 -0.00445861 0.916999 -0.398404 -0.0189653 -0.00519953
62    4.95183   0.619712 -0.0664918 0.871305 -0.489702 -0.0278204 -0.0156575
63    4.81117   0.108913 -0.0361303 0.9201 -0.391452 -0.00982369 -0.00923044
64    4.70619  -0.165391 0.00242595 0.871014 -0.491118 -0.00253731 -0.011475
65   4.81201 -0.220414 -0.037313 0.816934 -0.576447 -0.0139139 0.0115736
66    4.77456  -0.325305 -0.0420727 0.748128 -0.663479 0.0062457 0.00778101
67    4.81865  -0.597656 -0.0382326 -0.673502 0.739113 -0.00144947 0.0102702
68   4.59378  -1.56555 0.0205044 0.750337 -0.659953 -0.0278576 -0.0260819
69    4.74976   -1.72104 -0.0393157 0.813184 -0.580235 -0.0427017 -0.0153544
70    5.00307    -2.5419 -0.0438919 0.742967 -0.668729 -0.00092333 -0.028296
71    5.18488   -3.60094 -0.0242809 -0.678495 0.733726 0.0147453 0.032766
72    5.02947   -4.60854 -0.0119076 -0.617487 0.785908 0.00967595 0.0310608
73    5.11614   -5.61192 -0.0318555 -0.675733 0.73617 0.0350147 0.0145981
74    5.05409   -6.38122 -0.0188035 0.748635 -0.662155 -0.0279326 -0.0177834
75    5.19222   -7.38576 -0.0202062 0.741759 -0.669523 -0.0309192 -0.0240382
76   5.34471  -8.11748 -0.047946 0.808183 -0.588343 -0.0189738 -0.0182398
77    5.27982   -8.19691 -0.0472381 0.865037 -0.500571 -0.0270468 -0.0202217
78  5.37013 -8.21188 -0.03705 0.919286 -0.392467 -0.0294178 -0.00427466
79    5.39502   -8.26493 -0.0542341 0.961134 -0.275464 -0.0171471 -0.00690285
80    5.41187   -8.33397 -0.0517316 0.98656 -0.160577 -0.0263413 -0.0148592
81    5.47807   -8.27655 -0.0314675 0.998831 -0.0408348 -0.0227326 0.0123728
82    5.67269   -8.28428 -0.0308264 0.996621 0.0735259 -0.0362096 -0.00534663
83    6.29447   -8.08952 -0.0540331 0.983476 0.17479 -0.04696 0.00419941
84    7.11597    -7.9181 -0.0878443 0.957414 0.28657 -0.0351598 -0.000529095
85    7.10037   -7.82525 -0.0667178 0.919398 0.392135 -0.0258336 0.0164324
86    7.12893   -7.83751 -0.0528886 0.863822 0.503359 -0.0209817 -0.000491488
87    7.19969   -7.84316 -0.0701341 0.783839 0.6201 -0.0327003 0.00200279
88     7.1242   -7.79358 -0.0533281 0.688538 0.724755 -0.0177195 0.018235
89     7.10342    -7.76685 -0.00695665 0.586745 0.809315 -0.0102393 0.0252062
90    7.17672   -7.70856 0.00574926 0.490311 0.871167 -0.0210136 0.0148628
91    7.19006   -7.66754 0.00528187 0.363083 0.931195 -0.0188066 0.0263404
92   7.15479  -7.69028 -0.012577 0.261054 0.964965 -0.00408286 0.0260199
93    7.16302   -7.64609 -0.0348915 0.121958 0.992218 0.000166765 0.0250758
94    7.15058   -7.57687 -0.0317979 0.00652213 0.999688 -0.0141169 0.0195265
95    7.11092   -7.58955 -0.0107341 -0.126991 0.991355 -0.0134749 0.0301187
96    7.11488   -7.68009 0.00316313 -0.230289 0.972917 0.00727787 0.0185926
97     7.02324     -7.5963 -0.00211688 -0.347108 0.93748 -0.0142254 0.0211122
98    6.84182   -7.46797 -0.0302902 -0.444442 0.895718 0.00583147 0.0112734
99    6.54364   -7.80631 -0.0593336 -0.340465 0.939861 -0.00798493 0.0261073
100    5.69333   -8.33824 -0.0421871 -0.403639 0.914657 0.0144167 0.0164709
101   5.42953  -8.91554 -0.035157 -0.498672 0.866483 0.00288607 0.0229147
102    5.28392   -9.14047 -0.0467834 -0.59035 0.806666 0.0241029 0.0139937
103  5.23854 -9.62263 -0.02872 -0.670312 0.741384 0.023575 0.0218301
104    5.42734   -10.6066 -0.0321386 0.730046 -0.682761 -0.0251177 -0.0154757
105    5.63392   -11.5986 -0.0432059 0.77544 -0.630611 -0.0199337 -0.0250111
106   5.78332  -12.2065 -0.018051 -0.700976 0.711758 0.0171701 0.0416955
107   5.82992  -13.2765 -0.033198 -0.684831 0.727998 0.0238376 0.021386
108    5.93874    -14.299 -0.0279095 -0.681856 0.731254 0.00904618 0.016074
109    5.67168   -15.2864 -0.0641954 -0.671949 0.739727 0.0135158 0.0332494
110    5.71579   -16.3151 -0.0226496 -0.666137 0.744823 0.0188856 0.0338052
111    5.68456   -17.3461 -0.0341484 -0.66882 0.742614 0.0231667 0.025842
112    5.72694   -18.1468 -0.0441625 0.74418 -0.666725 -0.0275234 -0.0302754
113    5.73477   -18.4156 -0.0581851 0.811578 -0.581901 -0.0520833 0.00441492
114    5.82815   -18.5146 -0.0406151 0.870276 -0.49069 -0.0355396 -0.0240915
115    6.00332   -18.6152 -0.0532775 0.927609 -0.369011 -0.0534954 -0.0225903
116   6.13356  -18.6313 -0.027321 0.963861 -0.263355 -0.0401328 -0.0023896
117    6.25666   -18.7309 -0.0288233 0.987578 -0.151462 -0.0417232 -0.00289268
118    6.36904   -18.7494 -0.0308215 0.998598 -0.0426566 -0.0312512 0.00233026
119    7.39549   -18.7951 -0.0425576 0.997309 -0.0613387 -0.035601 -0.0185447
120    8.14241   -18.9789 0.00197566 0.985735 -0.163329 -0.0396251 -0.00892055
121    9.12403   -19.3596 -0.0449427 0.986014 -0.157468 -0.0527414 -0.0140761
122    9.47828   -19.5456 -0.0398602 0.998174 -0.0529667 -0.0288742 -0.00297879
123    10.4992   -19.4393 -0.0192357 0.999115 0.01121 -0.0402354 -0.00503517
124    11.1175   -19.3661 0.00887587 0.992973 0.115982 -0.0235103 -6.91916e-05
125    11.1453   -19.2305 -0.0251434 0.970453 0.239987 -0.0129446 0.02144
126    11.1813   -19.2579 -0.0305087 0.928803 0.369694 -0.0253905 0.00254759
127    11.1864   -19.2371 -0.0195769 0.875474 0.482137 -0.0319113 0.00840095
128    11.0912   -19.1723 -0.0104539 0.794475 0.606288 -0.0202047 0.0285593
129   11.1747  -19.1022 -0.011951 0.701098 0.712558 -0.0236004 0.012859
130     11.2401    -19.1019 -0.00252821 0.623744 0.781083 -0.0264693 0.0123325
131     11.2206    -19.1327 -0.00578682 0.507961 0.860633 -0.0207457 0.0292501
132     11.1693    -19.1735 -0.00720962 0.417555 0.907967 -0.00891996 0.0341312
133    11.2043   -19.1436 -0.0207484 0.282917 0.958859 -0.0170208 0.0160365
134  11.2036 -19.0871 0.058043 0.167299 0.985433 -0.0227306 0.02042
135   11.1743  -19.0746 0.0863093 0.0261282 0.998776 -0.0141714 0.0395432
136   11.1703  -19.0972 0.0569938 -0.0854331 0.99584 -0.00309572 0.0315361
137    11.1387    -19.033 0.00482083 -0.236352 0.971369 -0.013952 0.0196231
138    11.0912     -18.98 -0.0122278 -0.351937 0.935655 -0.0141396 0.0221594
139     11.082   -19.0072 -0.0252141 -0.484717 0.874206 0.00346307 0.0282933
140    11.1245    -19.053 -0.0253676 -0.580253 0.81408 0.0183782 0.0155445
141    11.0748   -19.0912 -0.0268134 -0.699562 0.714277 0.00407855 0.0201192
142    11.0082   -19.1132 -0.0237782 0.779174 -0.626318 8.55133e-05 -0.0247702
143    11.0245     -19.11 -0.0291377 0.861211 -0.507554 -0.019083 -0.0184566
144    11.0615   -19.0872 -0.0239592 0.913298 -0.406878 -0.0180945 -0.00310111
145    11.0279   -19.0937 -0.0159883 0.964104 -0.26519 -0.00779452 -0.0107973
146     11.0112    -19.1361 -0.00520764 0.988922 -0.147338 -0.00865578 -0.0157848
147      11.051      -19.14 0.000357421 0.999696 -0.00250219 -0.024414 -0.00242538
148    11.0696   -19.1028 0.00168779 0.994768 0.0992016 -0.0224519 0.0096071
149     11.1066    -19.1455 -0.00676595 0.968001 0.250339 -0.0174424 -0.000945812
150    11.1534   -19.1985 -0.0117791 0.932844 0.359477 -0.0237767 -0.00368844
151    11.1698   -19.1999 -0.0149324 0.891763 0.451551 -0.0292631 -0.00195024
152   11.0878  -19.1447 0.0158644 0.805681 0.591568 -0.0183993 0.0242186
153   11.0975  -19.1117 0.0181944 0.7204 0.693245 -0.015075 0.0144442
154     11.153    -19.126 0.00478811 0.638973 0.768719 -0.0267865 0.00818386
155     11.1304    -19.1407 -0.00399383 0.533248 0.845612 -0.00605063 0.0234612
156    11.2495   -19.0692 -0.0124945 0.428587 0.90328 -0.0195758 0.00392325
157     11.0377    -18.9488 -0.00448021 0.332581 0.942708 -0.0138209 0.022378
158     10.726   -18.6328 -0.0536739 0.231901 0.972318 -0.0130503 0.0254665
159      9.754   -18.2953 -0.0246937 0.159597 0.986362 -0.0129575 0.0380789
160    8.77635   -18.0823 -0.0343649 0.141568 0.989136 -0.0122272 0.0376766
161     7.8205   -17.7611 -0.0686892 0.131549 0.990142 -0.0154639 0.0455506
